"Record Length",10002,"Points",-1.000437e-05,-3.37508e-14
"Sample Interval",1e-08,s,-9.99437e-06,-0.699657
"Trigger Point",1000,"Samples",-9.98437e-06,0.299853
"Trigger Time",0.437025,s,-9.97437e-06,-0.699657
,,,-9.96437e-06,-0.099951
"Horizontal Offset",-1.00044e-05,s,-9.95437e-06,-0.899559
,,,-9.94437e-06,-3.37508e-14
,,,-9.93437e-06,0.099951
,,,-9.92437e-06,-0.499755
,,,-9.91437e-06,-0.399804
,,,-9.90437e-06,0.399804
,,,-9.89437e-06,-0.699657
,,,-9.88437e-06,-0.499755
,,,-9.87437e-06,-0.699657
,,,-9.86437e-06,-3.37508e-14
,,,-9.85437e-06,-0.299853
,,,-9.84437e-06,0.099951
,,,-9.83437e-06,-0.399804
,,,-9.82437e-06,0.299853
,,,-9.81437e-06,-0.599706
,,,-9.80437e-06,0.099951
,,,-9.79437e-06,-0.699657
,,,-9.78437e-06,0.099951
,,,-9.77437e-06,-0.399804
,,,-9.76437e-06,-0.399804
,,,-9.75437e-06,-0.699657
,,,-9.74437e-06,0.299853
,,,-9.73437e-06,-0.399804
,,,-9.72437e-06,0.099951
,,,-9.71437e-06,-0.799608
,,,-9.70437e-06,0.599706
,,,-9.69437e-06,-0.399804
,,,-9.68437e-06,-0.099951
,,,-9.67437e-06,-0.399804
,,,-9.66437e-06,0.099951
,,,-9.65437e-06,-0.699657
,,,-9.64437e-06,-0.699657
,,,-9.63437e-06,-0.799608
,,,-9.62437e-06,0.199902
,,,-9.61437e-06,-0.299853
,,,-9.60437e-06,-0.399804
,,,-9.59437e-06,-0.599706
,,,-9.58437e-06,0.299853
,,,-9.57437e-06,-0.499755
,,,-9.56437e-06,-0.199902
,,,-9.55437e-06,-0.499755
,,,-9.54437e-06,-3.37508e-14
,,,-9.53437e-06,-0.499755
,,,-9.52437e-06,-0.299853
,,,-9.51437e-06,-0.499755
,,,-9.50437e-06,-0.199902
,,,-9.49437e-06,-0.199902
,,,-9.48437e-06,-0.299853
,,,-9.47437e-06,-0.599706
,,,-9.46437e-06,0.099951
,,,-9.45437e-06,-0.399804
,,,-9.44437e-06,-3.37508e-14
,,,-9.43437e-06,-0.599706
,,,-9.42437e-06,0.099951
,,,-9.41437e-06,-0.299853
,,,-9.40437e-06,-0.699657
,,,-9.39437e-06,-0.599706
,,,-9.38437e-06,0.199902
,,,-9.37437e-06,-0.199902
,,,-9.36437e-06,-0.099951
,,,-9.35437e-06,-0.899559
,,,-9.34437e-06,0.099951
,,,-9.33437e-06,-0.099951
,,,-9.32437e-06,-0.099951
,,,-9.31437e-06,-0.299853
,,,-9.30437e-06,0.399804
,,,-9.29437e-06,-0.699657
,,,-9.28437e-06,-3.37508e-14
,,,-9.27437e-06,-0.499755
,,,-9.26437e-06,0.099951
,,,-9.25437e-06,-0.299853
,,,-9.24437e-06,-0.199902
,,,-9.23437e-06,-0.399804
,,,-9.22437e-06,0.299853
,,,-9.21437e-06,-0.399804
,,,-9.20437e-06,-0.299853
,,,-9.19437e-06,-0.499755
,,,-9.18437e-06,0.299853
,,,-9.17437e-06,-0.599706
,,,-9.16437e-06,-0.099951
,,,-9.15437e-06,-0.599706
,,,-9.14437e-06,0.199902
,,,-9.13437e-06,-0.399804
,,,-9.12437e-06,-0.299853
,,,-9.11437e-06,-0.299853
,,,-9.10437e-06,-3.37508e-14
,,,-9.09437e-06,-0.299853
,,,-9.08437e-06,0.299853
,,,-9.07437e-06,-0.599706
,,,-9.06437e-06,0.199902
,,,-9.05437e-06,-0.199902
,,,-9.04437e-06,-0.499755
,,,-9.03437e-06,-0.599706
,,,-9.02437e-06,-0.099951
,,,-9.01437e-06,-0.199902
,,,-9.00437e-06,-0.399804
,,,-8.99437e-06,-0.399804
,,,-8.98437e-06,-3.37508e-14
,,,-8.97437e-06,-0.299853
,,,-8.96437e-06,-0.399804
,,,-8.95437e-06,-0.699657
,,,-8.94437e-06,0.299853
,,,-8.93437e-06,-0.699657
,,,-8.92437e-06,-0.199902
,,,-8.91437e-06,-0.299853
,,,-8.90437e-06,-3.37508e-14
,,,-8.89437e-06,-0.099951
,,,-8.88437e-06,0.099951
,,,-8.87437e-06,-0.599706
,,,-8.86437e-06,0.099951
,,,-8.85437e-06,-0.399804
,,,-8.84437e-06,-0.299853
,,,-8.83437e-06,-0.699657
,,,-8.82437e-06,-3.37508e-14
,,,-8.81437e-06,-0.099951
,,,-8.80437e-06,-0.199902
,,,-8.79437e-06,-0.499755
,,,-8.78437e-06,0.099951
,,,-8.77437e-06,-3.37508e-14
,,,-8.76437e-06,-0.399804
,,,-8.75437e-06,-0.499755
,,,-8.74437e-06,0.099951
,,,-8.73437e-06,-0.699657
,,,-8.72437e-06,-0.499755
,,,-8.71437e-06,-0.499755
,,,-8.70437e-06,0.299853
,,,-8.69437e-06,-0.399804
,,,-8.68437e-06,-0.399804
,,,-8.67437e-06,-0.899559
,,,-8.66437e-06,0.199902
,,,-8.65437e-06,-0.099951
,,,-8.64437e-06,-0.499755
,,,-8.63437e-06,-0.499755
,,,-8.62437e-06,-0.399804
,,,-8.61437e-06,-0.399804
,,,-8.60437e-06,-0.699657
,,,-8.59437e-06,-0.699657
,,,-8.58437e-06,-0.399804
,,,-8.57437e-06,-0.399804
,,,-8.56437e-06,-0.199902
,,,-8.55437e-06,-0.199902
,,,-8.54437e-06,-0.199902
,,,-8.53437e-06,-0.599706
,,,-8.52437e-06,-0.099951
,,,-8.51437e-06,-0.799608
,,,-8.50437e-06,0.099951
,,,-8.49437e-06,-0.699657
,,,-8.48437e-06,-0.299853
,,,-8.47437e-06,-0.499755
,,,-8.46437e-06,-3.37508e-14
,,,-8.45437e-06,-0.499755
,,,-8.44437e-06,-0.299853
,,,-8.43437e-06,-0.99951
,,,-8.42437e-06,0.099951
,,,-8.41437e-06,-0.499755
,,,-8.40437e-06,-0.199902
,,,-8.39437e-06,-0.599706
,,,-8.38437e-06,-0.199902
,,,-8.37437e-06,-0.499755
,,,-8.36437e-06,-0.099951
,,,-8.35437e-06,-0.699657
,,,-8.34437e-06,0.099951
,,,-8.33437e-06,-0.199902
,,,-8.32437e-06,-0.199902
,,,-8.31437e-06,-0.399804
,,,-8.30437e-06,0.299853
,,,-8.29437e-06,-0.399804
,,,-8.28437e-06,-0.599706
,,,-8.27437e-06,-0.399804
,,,-8.26437e-06,0.099951
,,,-8.25437e-06,-0.199902
,,,-8.24437e-06,-0.199902
,,,-8.23437e-06,-0.699657
,,,-8.22437e-06,0.099951
,,,-8.21437e-06,-0.599706
,,,-8.20437e-06,-0.299853
,,,-8.19437e-06,-0.499755
,,,-8.18437e-06,0.299853
,,,-8.17437e-06,-0.299853
,,,-8.16437e-06,-0.299853
,,,-8.15437e-06,-0.399804
,,,-8.14437e-06,0.299853
,,,-8.13437e-06,-0.199902
,,,-8.12437e-06,0.299853
,,,-8.11437e-06,-0.099951
,,,-8.10437e-06,0.099951
,,,-8.09437e-06,-0.199902
,,,-8.08437e-06,-0.399804
,,,-8.07437e-06,-0.499755
,,,-8.06437e-06,-3.37508e-14
,,,-8.05437e-06,-0.599706
,,,-8.04437e-06,-0.199902
,,,-8.03437e-06,-0.499755
,,,-8.02437e-06,-0.299853
,,,-8.01437e-06,-0.299853
,,,-8.00437e-06,-0.299853
,,,-7.99437e-06,-0.499755
,,,-7.98437e-06,0.299853
,,,-7.97437e-06,-0.299853
,,,-7.96437e-06,-0.899559
,,,-7.95437e-06,-0.399804
,,,-7.94437e-06,0.199902
,,,-7.93437e-06,-0.199902
,,,-7.92437e-06,-0.399804
,,,-7.91437e-06,-0.699657
,,,-7.90437e-06,-0.099951
,,,-7.89437e-06,-0.299853
,,,-7.88437e-06,-0.499755
,,,-7.87437e-06,-0.499755
,,,-7.86437e-06,0.399804
,,,-7.85437e-06,-0.099951
,,,-7.84437e-06,-0.199902
,,,-7.83437e-06,-0.299853
,,,-7.82437e-06,-3.37508e-14
,,,-7.81437e-06,-0.599706
,,,-7.80437e-06,0.099951
,,,-7.79437e-06,-0.899559
,,,-7.78437e-06,-0.199902
,,,-7.77437e-06,-0.299853
,,,-7.76437e-06,-0.199902
,,,-7.75437e-06,-0.099951
,,,-7.74437e-06,-0.099951
,,,-7.73437e-06,-0.399804
,,,-7.72437e-06,-0.599706
,,,-7.71437e-06,-0.299853
,,,-7.70437e-06,-3.37508e-14
,,,-7.69437e-06,-0.299853
,,,-7.68437e-06,-0.599706
,,,-7.67437e-06,-0.299853
,,,-7.66437e-06,-0.199902
,,,-7.65437e-06,-0.399804
,,,-7.64437e-06,-0.299853
,,,-7.63437e-06,-0.599706
,,,-7.62437e-06,-0.199902
,,,-7.61437e-06,-0.599706
,,,-7.60437e-06,-0.299853
,,,-7.59437e-06,-0.699657
,,,-7.58437e-06,0.299853
,,,-7.57437e-06,-0.299853
,,,-7.56437e-06,-0.099951
,,,-7.55437e-06,-0.599706
,,,-7.54437e-06,-0.199902
,,,-7.53437e-06,-0.299853
,,,-7.52437e-06,-0.199902
,,,-7.51437e-06,-0.499755
,,,-7.50437e-06,0.299853
,,,-7.49437e-06,-0.499755
,,,-7.48437e-06,-0.799608
,,,-7.47437e-06,-0.599706
,,,-7.46437e-06,0.199902
,,,-7.45437e-06,-0.299853
,,,-7.44437e-06,-0.099951
,,,-7.43437e-06,-0.799608
,,,-7.42437e-06,0.299853
,,,-7.41437e-06,-0.299853
,,,-7.40437e-06,-0.499755
,,,-7.39437e-06,-0.399804
,,,-7.38437e-06,-0.199902
,,,-7.37437e-06,-0.299853
,,,-7.36437e-06,-3.37508e-14
,,,-7.35437e-06,-0.699657
,,,-7.34437e-06,-0.099951
,,,-7.33437e-06,-0.299853
,,,-7.32437e-06,-3.37508e-14
,,,-7.31437e-06,-0.599706
,,,-7.30437e-06,-3.37508e-14
,,,-7.29437e-06,-0.099951
,,,-7.28437e-06,-0.599706
,,,-7.27437e-06,-0.699657
,,,-7.26437e-06,-0.099951
,,,-7.25437e-06,-0.299853
,,,-7.24437e-06,-0.199902
,,,-7.23437e-06,-0.599706
,,,-7.22437e-06,0.299853
,,,-7.21437e-06,-0.299853
,,,-7.20437e-06,-0.199902
,,,-7.19437e-06,-0.499755
,,,-7.18437e-06,0.199902
,,,-7.17437e-06,-0.499755
,,,-7.16437e-06,-0.299853
,,,-7.15437e-06,-0.399804
,,,-7.14437e-06,-0.099951
,,,-7.13437e-06,-0.499755
,,,-7.12437e-06,-0.299853
,,,-7.11437e-06,-1.09946
,,,-7.10437e-06,-0.299853
,,,-7.09437e-06,-0.199902
,,,-7.08437e-06,-0.299853
,,,-7.07437e-06,-0.199902
,,,-7.06437e-06,-3.37508e-14
,,,-7.05437e-06,-0.299853
,,,-7.04437e-06,-3.37508e-14
,,,-7.03437e-06,-0.699657
,,,-7.02437e-06,-3.37508e-14
,,,-7.01437e-06,-0.199902
,,,-7.00437e-06,-0.499755
,,,-6.99437e-06,-0.799608
,,,-6.98437e-06,0.199902
,,,-6.97437e-06,-0.399804
,,,-6.96437e-06,-0.399804
,,,-6.95437e-06,-0.399804
,,,-6.94437e-06,0.399804
,,,-6.93437e-06,0.099951
,,,-6.92437e-06,-0.099951
,,,-6.91437e-06,-0.199902
,,,-6.90437e-06,-3.37508e-14
,,,-6.89437e-06,-0.399804
,,,-6.88437e-06,0.099951
,,,-6.87437e-06,-0.499755
,,,-6.86437e-06,0.099951
,,,-6.85437e-06,-0.499755
,,,-6.84437e-06,0.199902
,,,-6.83437e-06,-0.599706
,,,-6.82437e-06,0.099951
,,,-6.81437e-06,-0.299853
,,,-6.80437e-06,-0.399804
,,,-6.79437e-06,-0.599706
,,,-6.78437e-06,-0.199902
,,,-6.77437e-06,-0.299853
,,,-6.76437e-06,-3.37508e-14
,,,-6.75437e-06,-0.499755
,,,-6.74437e-06,0.199902
,,,-6.73437e-06,-0.799608
,,,-6.72437e-06,-0.199902
,,,-6.71437e-06,-0.699657
,,,-6.70437e-06,-3.37508e-14
,,,-6.69437e-06,-0.599706
,,,-6.68437e-06,-0.199902
,,,-6.67437e-06,-0.399804
,,,-6.66437e-06,-0.199902
,,,-6.65437e-06,-0.799608
,,,-6.64437e-06,-0.299853
,,,-6.63437e-06,-0.699657
,,,-6.62437e-06,-0.299853
,,,-6.61437e-06,-0.399804
,,,-6.60437e-06,-0.099951
,,,-6.59437e-06,-0.199902
,,,-6.58437e-06,0.399804
,,,-6.57437e-06,-0.199902
,,,-6.56437e-06,-0.199902
,,,-6.55437e-06,-0.699657
,,,-6.54437e-06,-0.199902
,,,-6.53437e-06,-0.299853
,,,-6.52437e-06,-0.299853
,,,-6.51437e-06,-0.199902
,,,-6.50437e-06,-0.299853
,,,-6.49437e-06,-0.399804
,,,-6.48437e-06,-0.299853
,,,-6.47437e-06,-0.599706
,,,-6.46437e-06,0.299853
,,,-6.45437e-06,-3.37508e-14
,,,-6.44437e-06,-0.299853
,,,-6.43437e-06,-0.399804
,,,-6.42437e-06,0.199902
,,,-6.41437e-06,-0.299853
,,,-6.40437e-06,-3.37508e-14
,,,-6.39437e-06,-0.699657
,,,-6.38437e-06,-0.099951
,,,-6.37437e-06,-0.199902
,,,-6.36437e-06,-3.37508e-14
,,,-6.35437e-06,-0.399804
,,,-6.34437e-06,-3.37508e-14
,,,-6.33437e-06,-0.399804
,,,-6.32437e-06,0.099951
,,,-6.31437e-06,-0.499755
,,,-6.30437e-06,-3.37508e-14
,,,-6.29437e-06,-0.399804
,,,-6.28437e-06,-0.399804
,,,-6.27437e-06,-0.499755
,,,-6.26437e-06,0.199902
,,,-6.25437e-06,-0.199902
,,,-6.24437e-06,0.099951
,,,-6.23437e-06,-0.799608
,,,-6.22437e-06,-0.199902
,,,-6.21437e-06,-0.399804
,,,-6.20437e-06,-0.299853
,,,-6.19437e-06,-0.699657
,,,-6.18437e-06,0.099951
,,,-6.17437e-06,-0.299853
,,,-6.16437e-06,-0.099951
,,,-6.15437e-06,-0.399804
,,,-6.14437e-06,0.399804
,,,-6.13437e-06,-0.099951
,,,-6.12437e-06,-0.299853
,,,-6.11437e-06,-0.599706
,,,-6.10437e-06,0.399804
,,,-6.09437e-06,-0.499755
,,,-6.08437e-06,-0.199902
,,,-6.07437e-06,-0.299853
,,,-6.06437e-06,0.099951
,,,-6.05437e-06,-0.199902
,,,-6.04437e-06,-3.37508e-14
,,,-6.03437e-06,-0.499755
,,,-6.02437e-06,0.099951
,,,-6.01437e-06,-0.599706
,,,-6.00437e-06,-0.299853
,,,-5.99437e-06,-0.799608
,,,-5.98437e-06,-3.37508e-14
,,,-5.97437e-06,-0.699657
,,,-5.96437e-06,-0.199902
,,,-5.95437e-06,-0.399804
,,,-5.94437e-06,0.499755
,,,-5.93437e-06,-0.499755
,,,-5.92437e-06,-0.099951
,,,-5.91437e-06,-0.799608
,,,-5.90437e-06,-0.399804
,,,-5.89437e-06,-0.199902
,,,-5.88437e-06,-0.099951
,,,-5.87437e-06,-0.399804
,,,-5.86437e-06,0.199902
,,,-5.85437e-06,-0.299853
,,,-5.84437e-06,-0.299853
,,,-5.83437e-06,-0.399804
,,,-5.82437e-06,0.099951
,,,-5.81437e-06,-0.199902
,,,-5.80437e-06,-0.399804
,,,-5.79437e-06,-0.299853
,,,-5.78437e-06,0.199902
,,,-5.77437e-06,-0.299853
,,,-5.76437e-06,-3.37508e-14
,,,-5.75437e-06,-0.599706
,,,-5.74437e-06,-0.099951
,,,-5.73437e-06,-0.499755
,,,-5.72437e-06,-0.499755
,,,-5.71437e-06,-0.499755
,,,-5.70437e-06,0.099951
,,,-5.69437e-06,-1.09946
,,,-5.68437e-06,0.099951
,,,-5.67437e-06,-0.899559
,,,-5.66437e-06,-0.299853
,,,-5.65437e-06,-0.299853
,,,-5.64437e-06,-0.499755
,,,-5.63437e-06,-0.799608
,,,-5.62437e-06,-3.37508e-14
,,,-5.61437e-06,-0.299853
,,,-5.60437e-06,-0.199902
,,,-5.59437e-06,-0.499755
,,,-5.58437e-06,0.299853
,,,-5.57437e-06,-0.099951
,,,-5.56437e-06,-0.199902
,,,-5.55437e-06,-0.699657
,,,-5.54437e-06,-0.199902
,,,-5.53437e-06,-0.599706
,,,-5.52437e-06,-0.299853
,,,-5.51437e-06,-0.499755
,,,-5.50437e-06,-3.37508e-14
,,,-5.49437e-06,-0.199902
,,,-5.48437e-06,-0.699657
,,,-5.47437e-06,-0.399804
,,,-5.46437e-06,0.099951
,,,-5.45437e-06,-0.099951
,,,-5.44437e-06,-0.099951
,,,-5.43437e-06,-0.699657
,,,-5.42437e-06,-0.199902
,,,-5.41437e-06,-0.699657
,,,-5.40437e-06,-0.599706
,,,-5.39437e-06,-0.699657
,,,-5.38437e-06,0.399804
,,,-5.37437e-06,-0.199902
,,,-5.36437e-06,-0.099951
,,,-5.35437e-06,-0.799608
,,,-5.34437e-06,0.199902
,,,-5.33437e-06,-0.599706
,,,-5.32437e-06,0.099951
,,,-5.31437e-06,-0.299853
,,,-5.30437e-06,-0.099951
,,,-5.29437e-06,-0.199902
,,,-5.28437e-06,0.099951
,,,-5.27437e-06,-0.699657
,,,-5.26437e-06,-3.37508e-14
,,,-5.25437e-06,-0.199902
,,,-5.24437e-06,-0.199902
,,,-5.23437e-06,-0.699657
,,,-5.22437e-06,0.199902
,,,-5.21437e-06,-0.599706
,,,-5.20437e-06,-0.099951
,,,-5.19437e-06,-0.399804
,,,-5.18437e-06,-0.299853
,,,-5.17437e-06,-0.299853
,,,-5.16437e-06,-0.099951
,,,-5.15437e-06,-0.399804
,,,-5.14437e-06,0.299853
,,,-5.13437e-06,-0.199902
,,,-5.12437e-06,-0.199902
,,,-5.11437e-06,-0.399804
,,,-5.10437e-06,0.299853
,,,-5.09437e-06,-0.299853
,,,-5.08437e-06,-0.199902
,,,-5.07437e-06,-0.299853
,,,-5.06437e-06,0.299853
,,,-5.05437e-06,-0.099951
,,,-5.04437e-06,-0.099951
,,,-5.03437e-06,-0.99951
,,,-5.02437e-06,0.099951
,,,-5.01437e-06,-0.699657
,,,-5.00437e-06,-0.099951
,,,-4.99437e-06,-1.09946
,,,-4.98437e-06,0.199902
,,,-4.97437e-06,-0.499755
,,,-4.96437e-06,-0.299853
,,,-4.95437e-06,-0.599706
,,,-4.94437e-06,-0.199902
,,,-4.93437e-06,-0.399804
,,,-4.92437e-06,1.19941
,,,-4.91437e-06,-0.499755
,,,-4.90437e-06,1.09946
,,,-4.89437e-06,2.79863
,,,-4.88437e-06,6.09701
,,,-4.87437e-06,5.4973
,,,-4.86437e-06,0.799608
,,,-4.85437e-06,-6.09701
,,,-4.84437e-06,-7.59627
,,,-4.83437e-06,-7.39637
,,,-4.82437e-06,-3.49828
,,,-4.81437e-06,1.89907
,,,-4.80437e-06,4.39784
,,,-4.79437e-06,2.49877
,,,-4.78437e-06,2.89858
,,,-4.77437e-06,3.79814
,,,-4.76437e-06,5.39735
,,,-4.75437e-06,5.89711
,,,-4.74437e-06,4.8976
,,,-4.73437e-06,0.299853
,,,-4.72437e-06,0.099951
,,,-4.71437e-06,2.49877
,,,-4.70437e-06,6.09701
,,,-4.69437e-06,5.89711
,,,-4.68437e-06,4.49779
,,,-4.67437e-06,2.49877
,,,-4.66437e-06,4.19794
,,,-4.65437e-06,7.49632
,,,-4.64437e-06,10.8947
,,,-4.63437e-06,9.49534
,,,-4.62437e-06,6.99657
,,,-4.61437e-06,4.09799
,,,-4.60437e-06,6.89662
,,,-4.59437e-06,11.2945
,,,-4.58437e-06,13.1061
,,,-4.57437e-06,9.09554
,,,-4.56437e-06,5.4973
,,,-4.55437e-06,5.19745
,,,-4.54437e-06,10.4949
,,,-4.53437e-06,11.9941
,,,-4.52437e-06,10.095
,,,-4.51437e-06,5.99706
,,,-4.50437e-06,6.49681
,,,-4.49437e-06,9.7952
,,,-4.48437e-06,14.4054
,,,-4.47437e-06,13.7058
,,,-4.46437e-06,11.4944
,,,-4.45437e-06,10.195
,,,-4.44437e-06,13.306
,,,-4.43437e-06,15.7048
,,,-4.42437e-06,15.8047
,,,-4.41437e-06,11.9941
,,,-4.40437e-06,10.8947
,,,-4.39437e-06,14.1056
,,,-4.38437e-06,17.6039
,,,-4.37437e-06,17.5039
,,,-4.36437e-06,14.9052
,,,-4.35437e-06,13.306
,,,-4.34437e-06,15.4049
,,,-4.33437e-06,16.9042
,,,-4.32437e-06,17.2041
,,,-4.31437e-06,14.7053
,,,-4.30437e-06,13.8057
,,,-4.29437e-06,15.0051
,,,-4.28437e-06,18.2036
,,,-4.27437e-06,19.303
,,,-4.26437e-06,18.7033
,,,-4.25437e-06,16.0047
,,,-4.24437e-06,16.9042
,,,-4.23437e-06,18.8033
,,,-4.22437e-06,21.1022
,,,-4.21437e-06,20.0027
,,,-4.20437e-06,18.8033
,,,-4.19437e-06,18.4035
,,,-4.18437e-06,20.4025
,,,-4.17437e-06,22.2016
,,,-4.16437e-06,22.5015
,,,-4.15437e-06,21.0022
,,,-4.14437e-06,20.7023
,,,-4.13437e-06,21.2021
,,,-4.12437e-06,22.9013
,,,-4.11437e-06,23.401
,,,-4.10437e-06,22.7014
,,,-4.09437e-06,21.6019
,,,-4.08437e-06,22.1017
,,,-4.07437e-06,23.9008
,,,-4.06437e-06,24.9003
,,,-4.05437e-06,24.0007
,,,-4.04437e-06,23.3011
,,,-4.03437e-06,23.7009
,,,-4.02437e-06,25.1002
,,,-4.01437e-06,24.8003
,,,-4.00437e-06,24.3006
,,,-3.99437e-06,23.7009
,,,-3.98437e-06,25.1002
,,,-3.97437e-06,25.5
,,,-3.96437e-06,27.599
,,,-3.95437e-06,27.3991
,,,-3.94437e-06,27.1992
,,,-3.93437e-06,27.1992
,,,-3.92437e-06,28.1987
,,,-3.91437e-06,28.5985
,,,-3.90437e-06,28.7984
,,,-3.89437e-06,27.6989
,,,-3.88437e-06,27.599
,,,-3.87437e-06,28.3986
,,,-3.86437e-06,28.7984
,,,-3.85437e-06,28.9983
,,,-3.84437e-06,28.5985
,,,-3.83437e-06,28.9983
,,,-3.82437e-06,29.3981
,,,-3.81437e-06,29.498
,,,-3.80437e-06,30.3976
,,,-3.79437e-06,29.9978
,,,-3.78437e-06,30.5975
,,,-3.77437e-06,30.4975
,,,-3.76437e-06,31.0972
,,,-3.75437e-06,31.0972
,,,-3.74437e-06,32.0968
,,,-3.73437e-06,31.4971
,,,-3.72437e-06,32.0968
,,,-3.71437e-06,32.5965
,,,-3.70437e-06,32.8964
,,,-3.69437e-06,32.7964
,,,-3.68437e-06,32.9963
,,,-3.67437e-06,33.596
,,,-3.66437e-06,34.0958
,,,-3.65437e-06,33.8959
,,,-3.64437e-06,34.7954
,,,-3.63437e-06,34.5955
,,,-3.62437e-06,35.2952
,,,-3.61437e-06,35.3951
,,,-3.60437e-06,35.8949
,,,-3.59437e-06,35.595
,,,-3.58437e-06,35.695
,,,-3.57437e-06,35.9948
,,,-3.56437e-06,35.7949
,,,-3.55437e-06,36.2947
,,,-3.54437e-06,36.8944
,,,-3.53437e-06,36.9944
,,,-3.52437e-06,37.0943
,,,-3.51437e-06,37.2942
,,,-3.50437e-06,37.8939
,,,-3.49437e-06,38.0938
,,,-3.48437e-06,38.706
,,,-3.47437e-06,39.5056
,,,-3.46437e-06,39.6056
,,,-3.45437e-06,39.8055
,,,-3.44437e-06,40.5051
,,,-3.43437e-06,40.3052
,,,-3.42437e-06,40.5051
,,,-3.41437e-06,40.1053
,,,-3.40437e-06,40.805
,,,-3.39437e-06,41.0049
,,,-3.38437e-06,40.805
,,,-3.37437e-06,41.3047
,,,-3.36437e-06,41.9044
,,,-3.35437e-06,41.5046
,,,-3.34437e-06,42.2043
,,,-3.33437e-06,42.3043
,,,-3.32437e-06,42.804
,,,-3.31437e-06,42.6041
,,,-3.30437e-06,42.804
,,,-3.29437e-06,43.6036
,,,-3.28437e-06,43.6036
,,,-3.27437e-06,43.7036
,,,-3.26437e-06,43.9035
,,,-3.25437e-06,44.0034
,,,-3.24437e-06,44.5032
,,,-3.23437e-06,44.7031
,,,-3.22437e-06,45.3028
,,,-3.21437e-06,45.8025
,,,-3.20437e-06,46.1024
,,,-3.19437e-06,45.7026
,,,-3.18437e-06,46.1024
,,,-3.17437e-06,46.7021
,,,-3.16437e-06,46.5022
,,,-3.15437e-06,46.5022
,,,-3.14437e-06,47.7016
,,,-3.13437e-06,47.6017
,,,-3.12437e-06,47.8016
,,,-3.11437e-06,47.7016
,,,-3.10437e-06,48.2014
,,,-3.09437e-06,48.1014
,,,-3.08437e-06,48.2014
,,,-3.07437e-06,48.901
,,,-3.06437e-06,49.3008
,,,-3.05437e-06,48.901
,,,-3.04437e-06,49.3008
,,,-3.03437e-06,49.7006
,,,-3.02437e-06,50.0005
,,,-3.01437e-06,50.2004
,,,-3.00437e-06,50.7001
,,,-2.99437e-06,50.8001
,,,-2.98437e-06,51.4997
,,,-2.97437e-06,51.0999
,,,-2.96437e-06,51.5997
,,,-2.95437e-06,51.7996
,,,-2.94437e-06,52.4993
,,,-2.93437e-06,52.4993
,,,-2.92437e-06,52.8991
,,,-2.91437e-06,52.8991
,,,-2.90437e-06,53.4988
,,,-2.89437e-06,52.5992
,,,-2.88437e-06,53.6987
,,,-2.87437e-06,53.5987
,,,-2.86437e-06,54.2984
,,,-2.85437e-06,54.2984
,,,-2.84437e-06,54.1984
,,,-2.83437e-06,54.3983
,,,-2.82437e-06,55.098
,,,-2.81437e-06,55.1979
,,,-2.80437e-06,56.0975
,,,-2.79437e-06,55.5977
,,,-2.78437e-06,55.9975
,,,-2.77437e-06,56.0975
,,,-2.76437e-06,56.3973
,,,-2.75437e-06,56.6972
,,,-2.74437e-06,56.997
,,,-2.73437e-06,57.5968
,,,-2.72437e-06,57.4968
,,,-2.71437e-06,57.6967
,,,-2.70437e-06,57.8966
,,,-2.69437e-06,58.2964
,,,-2.68437e-06,58.7962
,,,-2.67437e-06,58.6962
,,,-2.66437e-06,59.196
,,,-2.65437e-06,58.8961
,,,-2.64437e-06,59.6957
,,,-2.63437e-06,59.8956
,,,-2.62437e-06,60.0955
,,,-2.61437e-06,60.3954
,,,-2.60437e-06,60.5953
,,,-2.59437e-06,60.4953
,,,-2.58437e-06,60.7952
,,,-2.57437e-06,60.6952
,,,-2.56437e-06,61.3949
,,,-2.55437e-06,61.3949
,,,-2.54437e-06,61.8946
,,,-2.53437e-06,61.6947
,,,-2.52437e-06,62.4944
,,,-2.51437e-06,62.1945
,,,-2.50437e-06,62.6943
,,,-2.49437e-06,62.9941
,,,-2.48437e-06,63.5938
,,,-2.47437e-06,63.6938
,,,-2.46437e-06,64.1061
,,,-2.45437e-06,64.4059
,,,-2.44437e-06,64.6058
,,,-2.43437e-06,64.9057
,,,-2.42437e-06,65.1056
,,,-2.41437e-06,65.1056
,,,-2.40437e-06,65.3055
,,,-2.39437e-06,65.6053
,,,-2.38437e-06,66.1051
,,,-2.37437e-06,66.0051
,,,-2.36437e-06,66.0051
,,,-2.35437e-06,66.305
,,,-2.34437e-06,66.6048
,,,-2.33437e-06,66.7048
,,,-2.32437e-06,67.2045
,,,-2.31437e-06,67.1046
,,,-2.30437e-06,67.7043
,,,-2.29437e-06,67.3045
,,,-2.28437e-06,68.0041
,,,-2.27437e-06,68.1041
,,,-2.26437e-06,69.0037
,,,-2.25437e-06,68.8038
,,,-2.24437e-06,68.8038
,,,-2.23437e-06,69.1036
,,,-2.22437e-06,69.5034
,,,-2.21437e-06,69.6034
,,,-2.20437e-06,70.1031
,,,-2.19437e-06,70.2031
,,,-2.18437e-06,70.7028
,,,-2.17437e-06,70.6029
,,,-2.16437e-06,70.9027
,,,-2.15437e-06,71.4025
,,,-2.14437e-06,71.7023
,,,-2.13437e-06,71.4025
,,,-2.12437e-06,72.1021
,,,-2.11437e-06,72.0022
,,,-2.10437e-06,72.7018
,,,-2.09437e-06,72.302
,,,-2.08437e-06,72.9017
,,,-2.07437e-06,73.0017
,,,-2.06437e-06,73.5015
,,,-2.05437e-06,73.4015
,,,-2.04437e-06,73.9013
,,,-2.03437e-06,74.0012
,,,-2.02437e-06,74.7009
,,,-2.01437e-06,74.3011
,,,-2.00437e-06,75.2006
,,,-1.99437e-06,75.2006
,,,-1.98437e-06,75.6004
,,,-1.97437e-06,75.5005
,,,-1.96437e-06,75.7004
,,,-1.95437e-06,76.3001
,,,-1.94437e-06,76.3001
,,,-1.93437e-06,76.6999
,,,-1.92437e-06,76.7998
,,,-1.91437e-06,76.9997
,,,-1.90437e-06,77.2996
,,,-1.89437e-06,77.1996
,,,-1.88437e-06,77.5994
,,,-1.87437e-06,77.7993
,,,-1.86437e-06,77.9992
,,,-1.85437e-06,78.0992
,,,-1.84437e-06,78.499
,,,-1.83437e-06,78.9988
,,,-1.82437e-06,79.2986
,,,-1.81437e-06,78.9988
,,,-1.80437e-06,79.5985
,,,-1.79437e-06,79.6984
,,,-1.78437e-06,80.0982
,,,-1.77437e-06,79.8983
,,,-1.76437e-06,80.1982
,,,-1.75437e-06,80.598
,,,-1.74437e-06,81.2976
,,,-1.73437e-06,81.2976
,,,-1.72437e-06,81.5975
,,,-1.71437e-06,81.2976
,,,-1.70437e-06,82.3971
,,,-1.69437e-06,82.2971
,,,-1.68437e-06,82.1972
,,,-1.67437e-06,82.2971
,,,-1.66437e-06,82.7969
,,,-1.65437e-06,82.8968
,,,-1.64437e-06,83.6965
,,,-1.63437e-06,83.1967
,,,-1.62437e-06,83.7964
,,,-1.61437e-06,83.8964
,,,-1.60437e-06,83.7964
,,,-1.59437e-06,84.4961
,,,-1.58437e-06,84.0963
,,,-1.57437e-06,84.3961
,,,-1.56437e-06,84.8959
,,,-1.55437e-06,84.596
,,,-1.54437e-06,85.0958
,,,-1.53437e-06,85.5955
,,,-1.52437e-06,85.8954
,,,-1.51437e-06,86.0953
,,,-1.50437e-06,86.7949
,,,-1.49437e-06,86.4951
,,,-1.48437e-06,86.9948
,,,-1.47437e-06,86.9948
,,,-1.46437e-06,87.1947
,,,-1.45437e-06,87.2947
,,,-1.44437e-06,87.8944
,,,-1.43437e-06,87.6945
,,,-1.42437e-06,88.2942
,,,-1.41437e-06,88.4941
,,,-1.40437e-06,88.8939
,,,-1.39437e-06,88.794
,,,-1.38437e-06,89.2062
,,,-1.37437e-06,88.8939
,,,-1.36437e-06,89.6061
,,,-1.35437e-06,89.5061
,,,-1.34437e-06,89.806
,,,-1.33437e-06,89.806
,,,-1.32437e-06,90.7055
,,,-1.31437e-06,90.5056
,,,-1.30437e-06,90.9054
,,,-1.29437e-06,91.1053
,,,-1.28437e-06,91.0054
,,,-1.27437e-06,91.4052
,,,-1.26437e-06,91.805
,,,-1.25437e-06,92.4047
,,,-1.24437e-06,92.5046
,,,-1.23437e-06,92.7045
,,,-1.22437e-06,93.0044
,,,-1.21437e-06,93.1043
,,,-1.20437e-06,93.3042
,,,-1.19437e-06,93.4042
,,,-1.18437e-06,94.2038
,,,-1.17437e-06,94.0039
,,,-1.16437e-06,94.1038
,,,-1.15437e-06,94.1038
,,,-1.14437e-06,95.0034
,,,-1.13437e-06,94.8035
,,,-1.12437e-06,95.0034
,,,-1.11437e-06,95.5032
,,,-1.10437e-06,95.4032
,,,-1.09437e-06,95.7031
,,,-1.08437e-06,96.0029
,,,-1.07437e-06,96.4027
,,,-1.06437e-06,96.4027
,,,-1.05437e-06,96.5027
,,,-1.04437e-06,97.2023
,,,-1.03437e-06,96.9025
,,,-1.02437e-06,97.7021
,,,-1.01437e-06,97.6021
,,,-1.00437e-06,97.902
,,,-9.943703e-07,97.802
,,,-9.843703e-07,98.4017
,,,-9.743703e-07,98.6016
,,,-9.643703e-07,98.8015
,,,-9.543703e-07,98.5017
,,,-9.443703e-07,99.2013
,,,-9.343703e-07,98.9015
,,,-9.243703e-07,99.7011
,,,-9.143703e-07,99.8011
,,,-9.043703e-07,100.301
,,,-8.943703e-07,100.201
,,,-8.843703e-07,100.301
,,,-8.743703e-07,100.601
,,,-8.643703e-07,100.801
,,,-8.543703e-07,100.801
,,,-8.443703e-07,101.4
,,,-8.343703e-07,101.5
,,,-8.243703e-07,101.8
,,,-8.143703e-07,101.7
,,,-8.043703e-07,102.2
,,,-7.943703e-07,102.2
,,,-7.843703e-07,102.8
,,,-7.743703e-07,102.6
,,,-7.643703e-07,103.499
,,,-7.543703e-07,102.8
,,,-7.443703e-07,104.099
,,,-7.343703e-07,103.399
,,,-7.243703e-07,104.399
,,,-7.143703e-07,103.799
,,,-7.043703e-07,104.299
,,,-6.943703e-07,104.299
,,,-6.843703e-07,105.198
,,,-6.743703e-07,105.098
,,,-6.643703e-07,105.698
,,,-6.543703e-07,105.098
,,,-6.443703e-07,105.598
,,,-6.343703e-07,105.698
,,,-6.243703e-07,106.398
,,,-6.143703e-07,105.898
,,,-6.043703e-07,106.498
,,,-5.943703e-07,106.598
,,,-5.843703e-07,107.197
,,,-5.743703e-07,106.898
,,,-5.643703e-07,107.597
,,,-5.543703e-07,107.797
,,,-5.443703e-07,108.097
,,,-5.343703e-07,108.097
,,,-5.243703e-07,108.597
,,,-5.143703e-07,108.597
,,,-5.043703e-07,108.997
,,,-4.943703e-07,108.497
,,,-4.843703e-07,109.396
,,,-4.743703e-07,109.396
,,,-4.643703e-07,109.596
,,,-4.543703e-07,109.196
,,,-4.443703e-07,110.196
,,,-4.343703e-07,109.996
,,,-4.243703e-07,110.396
,,,-4.143703e-07,110.596
,,,-4.043703e-07,110.696
,,,-3.943703e-07,111.195
,,,-3.843703e-07,111.695
,,,-3.743703e-07,110.996
,,,-3.643703e-07,111.995
,,,-3.543703e-07,111.595
,,,-3.443703e-07,112.495
,,,-3.343703e-07,112.195
,,,-3.243703e-07,112.795
,,,-3.143703e-07,112.495
,,,-3.043703e-07,112.695
,,,-2.943703e-07,113.095
,,,-2.843703e-07,113.794
,,,-2.743703e-07,113.194
,,,-2.643703e-07,113.694
,,,-2.543703e-07,113.694
,,,-2.443703e-07,114.394
,,,-2.343703e-07,114.194
,,,-2.243703e-07,114.806
,,,-2.143703e-07,114.494
,,,-2.043703e-07,115.106
,,,-1.943703e-07,115.006
,,,-1.843703e-07,115.906
,,,-1.743703e-07,115.406
,,,-1.643703e-07,115.906
,,,-1.543703e-07,116.405
,,,-1.443703e-07,116.305
,,,-1.343703e-07,116.206
,,,-1.243703e-07,116.705
,,,-1.143703e-07,116.705
,,,-1.043703e-07,116.905
,,,-9.437025e-08,117.205
,,,-8.437025e-08,117.705
,,,-7.437025e-08,117.505
,,,-6.437025e-08,117.705
,,,-5.437025e-08,117.705
,,,-4.437025e-08,118.404
,,,-3.437025e-08,118.304
,,,-2.437025e-08,118.804
,,,-1.437025e-08,118.804
,,,-4.370254e-09,119.404
,,,5.629746e-09,119.304
,,,1.562975e-08,119.504
,,,2.562975e-08,119.404
,,,3.562975e-08,120.104
,,,4.562975e-08,120.303
,,,5.562975e-08,120.503
,,,6.562975e-08,120.403
,,,7.562975e-08,121.103
,,,8.562975e-08,120.703
,,,9.562975e-08,121.403
,,,1.056297e-07,121.203
,,,1.156297e-07,121.503
,,,1.256297e-07,121.803
,,,1.356297e-07,122.402
,,,1.456297e-07,122.203
,,,1.556297e-07,122.602
,,,1.656297e-07,122.303
,,,1.756297e-07,123.202
,,,1.856297e-07,122.802
,,,1.956297e-07,123.302
,,,2.056297e-07,123.602
,,,2.156297e-07,123.902
,,,2.256297e-07,123.302
,,,2.356297e-07,124.002
,,,2.456297e-07,124.501
,,,2.556297e-07,124.601
,,,2.656297e-07,124.601
,,,2.756297e-07,125.001
,,,2.856297e-07,125.301
,,,2.956297e-07,125.701
,,,3.056297e-07,125.201
,,,3.156297e-07,125.701
,,,3.256297e-07,125.901
,,,3.356297e-07,126.6
,,,3.456297e-07,126.301
,,,3.556297e-07,126.5
,,,3.656297e-07,126.8
,,,3.756297e-07,127.2
,,,3.856297e-07,127
,,,3.956297e-07,127.4
,,,4.056297e-07,127.5
,,,4.156297e-07,127.7
,,,4.256297e-07,127.6
,,,4.356297e-07,128.3
,,,4.456297e-07,128.3
,,,4.556297e-07,128.899
,,,4.656297e-07,128.999
,,,4.756297e-07,129.099
,,,4.856297e-07,129.299
,,,4.956297e-07,129.899
,,,5.056297e-07,129.599
,,,5.156297e-07,129.799
,,,5.256297e-07,129.799
,,,5.356297e-07,130.598
,,,5.456297e-07,129.999
,,,5.556297e-07,130.698
,,,5.656297e-07,130.698
,,,5.756297e-07,131.098
,,,5.856297e-07,130.998
,,,5.956297e-07,131.398
,,,6.056297e-07,131.398
,,,6.156297e-07,131.798
,,,6.256297e-07,131.698
,,,6.356297e-07,132.398
,,,6.456297e-07,132.198
,,,6.556297e-07,132.897
,,,6.656297e-07,132.298
,,,6.756297e-07,132.897
,,,6.856297e-07,132.697
,,,6.956297e-07,133.597
,,,7.056297e-07,133.197
,,,7.156297e-07,133.897
,,,7.256297e-07,133.897
,,,7.356297e-07,134.097
,,,7.456297e-07,133.697
,,,7.556297e-07,134.397
,,,7.656297e-07,134.097
,,,7.756297e-07,134.696
,,,7.856297e-07,134.796
,,,7.956297e-07,135.396
,,,8.056297e-07,135.596
,,,8.156297e-07,135.396
,,,8.256297e-07,135.896
,,,8.356297e-07,135.796
,,,8.456297e-07,135.796
,,,8.556297e-07,136.196
,,,8.656297e-07,136.496
,,,8.756297e-07,136.695
,,,8.856297e-07,136.296
,,,8.956297e-07,137.195
,,,9.056297e-07,136.895
,,,9.156297e-07,137.395
,,,9.256297e-07,137.195
,,,9.356297e-07,137.495
,,,9.456297e-07,137.695
,,,9.556297e-07,138.095
,,,9.656297e-07,138.195
,,,9.756297e-07,138.395
,,,9.856297e-07,138.495
,,,9.956297e-07,138.694
,,,1.00563e-06,138.894
,,,1.01563e-06,138.794
,,,1.02563e-06,139.094
,,,1.03563e-06,139.594
,,,1.04563e-06,138.994
,,,1.05563e-06,139.394
,,,1.06563e-06,139.694
,,,1.07563e-06,139.394
,,,1.08563e-06,139.794
,,,1.09563e-06,139.794
,,,1.10563e-06,139.394
,,,1.11563e-06,139.894
,,,1.12563e-06,139.794
,,,1.13563e-06,140.206
,,,1.14563e-06,140.306
,,,1.15563e-06,139.694
,,,1.16563e-06,140.206
,,,1.17563e-06,140.206
,,,1.18563e-06,140.094
,,,1.19563e-06,140.206
,,,1.20563e-06,140.094
,,,1.21563e-06,140.906
,,,1.22563e-06,139.894
,,,1.23563e-06,140.306
,,,1.24563e-06,139.994
,,,1.25563e-06,140.606
,,,1.26563e-06,140.506
,,,1.27563e-06,140.306
,,,1.28563e-06,140.506
,,,1.29563e-06,140.506
,,,1.30563e-06,140.406
,,,1.31563e-06,140.206
,,,1.32563e-06,140.406
,,,1.33563e-06,140.606
,,,1.34563e-06,140.606
,,,1.35563e-06,141.006
,,,1.36563e-06,140.506
,,,1.37563e-06,140.906
,,,1.38563e-06,140.906
,,,1.39563e-06,141.006
,,,1.40563e-06,141.206
,,,1.41563e-06,141.006
,,,1.42563e-06,140.806
,,,1.43563e-06,141.006
,,,1.44563e-06,140.706
,,,1.45563e-06,140.906
,,,1.46563e-06,141.106
,,,1.47563e-06,140.406
,,,1.48563e-06,140.806
,,,1.49563e-06,141.206
,,,1.50563e-06,140.806
,,,1.51563e-06,141.106
,,,1.52563e-06,141.306
,,,1.53563e-06,141.606
,,,1.54563e-06,141.006
,,,1.55563e-06,141.006
,,,1.56563e-06,140.906
,,,1.57563e-06,141.306
,,,1.58563e-06,141.306
,,,1.59563e-06,141.805
,,,1.60563e-06,141.506
,,,1.61563e-06,141.406
,,,1.62563e-06,141.206
,,,1.63563e-06,141.606
,,,1.64563e-06,141.106
,,,1.65563e-06,141.406
,,,1.66563e-06,141.306
,,,1.67563e-06,141.606
,,,1.68563e-06,141.706
,,,1.69563e-06,141.606
,,,1.70563e-06,141.905
,,,1.71563e-06,141.805
,,,1.72563e-06,141.805
,,,1.73563e-06,141.805
,,,1.74563e-06,141.905
,,,1.75563e-06,142.105
,,,1.76563e-06,142.005
,,,1.77563e-06,142.305
,,,1.78563e-06,141.905
,,,1.79563e-06,141.606
,,,1.80563e-06,142.205
,,,1.81563e-06,142.105
,,,1.82563e-06,141.706
,,,1.83563e-06,141.905
,,,1.84563e-06,142.105
,,,1.85563e-06,141.805
,,,1.86563e-06,141.805
,,,1.87563e-06,141.606
,,,1.88563e-06,141.905
,,,1.89563e-06,141.905
,,,1.90563e-06,141.905
,,,1.91563e-06,142.105
,,,1.92563e-06,141.706
,,,1.93563e-06,142.205
,,,1.94563e-06,141.706
,,,1.95563e-06,141.706
,,,1.96563e-06,142.005
,,,1.97563e-06,141.805
,,,1.98563e-06,142.005
,,,1.99563e-06,142.105
,,,2.00563e-06,141.606
,,,2.01563e-06,142.005
,,,2.02563e-06,141.706
,,,2.03563e-06,142.505
,,,2.04563e-06,141.706
,,,2.05563e-06,142.005
,,,2.06563e-06,142.005
,,,2.07563e-06,141.905
,,,2.08563e-06,142.005
,,,2.09563e-06,142.105
,,,2.10563e-06,141.406
,,,2.11563e-06,142.105
,,,2.12563e-06,141.905
,,,2.13563e-06,141.506
,,,2.14563e-06,141.506
,,,2.15563e-06,142.005
,,,2.16563e-06,141.406
,,,2.17563e-06,141.406
,,,2.18563e-06,141.706
,,,2.19563e-06,141.706
,,,2.20563e-06,141.406
,,,2.21563e-06,141.406
,,,2.22563e-06,141.306
,,,2.23563e-06,141.606
,,,2.24563e-06,141.306
,,,2.25563e-06,141.606
,,,2.26563e-06,141.306
,,,2.27563e-06,141.606
,,,2.28563e-06,141.406
,,,2.29563e-06,141.406
,,,2.30563e-06,141.206
,,,2.31563e-06,141.506
,,,2.32563e-06,141.606
,,,2.33563e-06,141.206
,,,2.34563e-06,140.806
,,,2.35563e-06,141.006
,,,2.36563e-06,141.006
,,,2.37563e-06,141.006
,,,2.38563e-06,141.006
,,,2.39563e-06,141.106
,,,2.40563e-06,140.906
,,,2.41563e-06,140.906
,,,2.42563e-06,140.506
,,,2.43563e-06,141.206
,,,2.44563e-06,140.906
,,,2.45563e-06,140.906
,,,2.46563e-06,140.406
,,,2.47563e-06,140.806
,,,2.48563e-06,140.706
,,,2.49563e-06,140.906
,,,2.50563e-06,140.306
,,,2.51563e-06,140.306
,,,2.52563e-06,140.506
,,,2.53563e-06,140.806
,,,2.54563e-06,140.094
,,,2.55563e-06,140.306
,,,2.56563e-06,140.506
,,,2.57563e-06,139.894
,,,2.58563e-06,139.694
,,,2.59563e-06,139.994
,,,2.60563e-06,139.794
,,,2.61563e-06,140.206
,,,2.62563e-06,139.794
,,,2.63563e-06,139.994
,,,2.64563e-06,139.494
,,,2.65563e-06,139.694
,,,2.66563e-06,138.994
,,,2.67563e-06,138.994
,,,2.68563e-06,138.595
,,,2.69563e-06,138.095
,,,2.70563e-06,137.795
,,,2.71563e-06,137.195
,,,2.72563e-06,136.895
,,,2.73563e-06,136.496
,,,2.74563e-06,135.796
,,,2.75563e-06,135.696
,,,2.76563e-06,135.096
,,,2.77563e-06,134.397
,,,2.78563e-06,133.497
,,,2.79563e-06,133.197
,,,2.80563e-06,132.597
,,,2.81563e-06,131.598
,,,2.82563e-06,130.798
,,,2.83563e-06,130.299
,,,2.84563e-06,129.599
,,,2.85563e-06,128.899
,,,2.86563e-06,127.6
,,,2.87563e-06,127.5
,,,2.88563e-06,126.7
,,,2.89563e-06,125.901
,,,2.90563e-06,125.001
,,,2.91563e-06,124.202
,,,2.92563e-06,123.702
,,,2.93563e-06,122.702
,,,2.94563e-06,121.503
,,,2.95563e-06,120.803
,,,2.96563e-06,121.003
,,,2.97563e-06,119.504
,,,2.98563e-06,118.404
,,,2.99563e-06,117.505
,,,3.00563e-06,116.905
,,,3.01563e-06,116.106
,,,3.02563e-06,115.806
,,,3.03563e-06,115.006
,,,3.04563e-06,114.094
,,,3.05563e-06,113.095
,,,3.06563e-06,112.595
,,,3.07563e-06,111.895
,,,3.08563e-06,110.896
,,,3.09563e-06,110.296
,,,3.10563e-06,109.896
,,,3.11563e-06,108.897
,,,3.12563e-06,108.197
,,,3.13563e-06,107.097
,,,3.14563e-06,106.798
,,,3.15563e-06,105.498
,,,3.16563e-06,105.198
,,,3.17563e-06,103.999
,,,3.18563e-06,103.199
,,,3.19563e-06,103.099
,,,3.20563e-06,101.9
,,,3.21563e-06,101.2
,,,3.22563e-06,100.101
,,,3.23563e-06,99.8011
,,,3.24563e-06,98.8015
,,,3.25563e-06,97.6021
,,,3.26563e-06,97.5022
,,,3.27563e-06,96.6026
,,,3.28563e-06,95.7031
,,,3.29563e-06,94.8035
,,,3.30563e-06,94.0039
,,,3.31563e-06,93.4042
,,,3.32563e-06,92.4047
,,,3.33563e-06,91.5051
,,,3.34563e-06,90.5056
,,,3.35563e-06,90.4057
,,,3.36563e-06,89.706
,,,3.37563e-06,87.5945
,,,3.38563e-06,87.5945
,,,3.39563e-06,86.4951
,,,3.40563e-06,85.7954
,,,3.41563e-06,84.9958
,,,3.42563e-06,83.9963
,,,3.43563e-06,83.2966
,,,3.44563e-06,81.9973
,,,3.45563e-06,81.2976
,,,3.46563e-06,80.3981
,,,3.47563e-06,79.7984
,,,3.48563e-06,78.9988
,,,3.49563e-06,77.7993
,,,3.50563e-06,76.8998
,,,3.51563e-06,76.1002
,,,3.52563e-06,74.9008
,,,3.53563e-06,73.9013
,,,3.54563e-06,72.8018
,,,3.55563e-06,71.7023
,,,3.56563e-06,71.0027
,,,3.57563e-06,70.403
,,,3.58563e-06,69.4035
,,,3.59563e-06,68.6039
,,,3.60563e-06,67.7043
,,,3.61563e-06,66.5049
,,,3.62563e-06,65.7053
,,,3.63563e-06,64.5059
,,,3.64563e-06,63.8062
,,,3.65563e-06,62.4944
,,,3.66563e-06,61.7947
,,,3.67563e-06,61.3949
,,,3.68563e-06,59.9956
,,,3.69563e-06,58.7962
,,,3.70563e-06,57.7967
,,,3.71563e-06,57.1969
,,,3.72563e-06,56.0975
,,,3.73563e-06,54.998
,,,3.74563e-06,54.7981
,,,3.75563e-06,52.999
,,,3.76563e-06,52.1994
,,,3.77563e-06,51.0999
,,,3.78563e-06,50.6002
,,,3.79563e-06,49.8006
,,,3.80563e-06,49.001
,,,3.81563e-06,48.0015
,,,3.82563e-06,46.7021
,,,3.83563e-06,46.3023
,,,3.84563e-06,45.1029
,,,3.85563e-06,43.8035
,,,3.86563e-06,43.6036
,,,3.87563e-06,42.7041
,,,3.88563e-06,41.9044
,,,3.89563e-06,40.705
,,,3.90563e-06,40.0054
,,,3.91563e-06,39.4057
,,,3.92563e-06,38.3062
,,,3.93563e-06,37.3942
,,,3.94563e-06,36.5946
,,,3.95563e-06,35.9948
,,,3.96563e-06,35.1952
,,,3.97563e-06,34.2957
,,,3.98563e-06,33.2962
,,,3.99563e-06,32.6965
,,,4.00563e-06,31.8969
,,,4.01563e-06,30.7974
,,,4.02563e-06,30.2976
,,,4.03563e-06,29.598
,,,4.04563e-06,28.9983
,,,4.05563e-06,27.7989
,,,4.06563e-06,27.599
,,,4.07563e-06,26.6994
,,,4.08563e-06,26.1997
,,,4.09563e-06,25.5
,,,4.10563e-06,25.3001
,,,4.11563e-06,24.5005
,,,4.12563e-06,24.0007
,,,4.13563e-06,23.2011
,,,4.14563e-06,23.1012
,,,4.15563e-06,22.6014
,,,4.16563e-06,22.2016
,,,4.17563e-06,21.6019
,,,4.18563e-06,21.7019
,,,4.19563e-06,21.502
,,,4.20563e-06,21.1022
,,,4.21563e-06,20.3025
,,,4.22563e-06,20.3025
,,,4.23563e-06,20.2026
,,,4.24563e-06,20.1026
,,,4.25563e-06,19.6029
,,,4.26563e-06,19.7028
,,,4.27563e-06,19.403
,,,4.28563e-06,19.403
,,,4.29563e-06,19.2031
,,,4.30563e-06,19.303
,,,4.31563e-06,18.8033
,,,4.32563e-06,18.6034
,,,4.33563e-06,18.4035
,,,4.34563e-06,18.6034
,,,4.35563e-06,18.4035
,,,4.36563e-06,18.7033
,,,4.37563e-06,18.2036
,,,4.38563e-06,18.3035
,,,4.39563e-06,18.6034
,,,4.40563e-06,18.4035
,,,4.41563e-06,18.9032
,,,4.42563e-06,18.3035
,,,4.43563e-06,18.7033
,,,4.44563e-06,18.9032
,,,4.45563e-06,18.8033
,,,4.46563e-06,18.7033
,,,4.47563e-06,19.403
,,,4.48563e-06,19.2031
,,,4.49563e-06,19.303
,,,4.50563e-06,19.5029
,,,4.51563e-06,19.8028
,,,4.52563e-06,19.7028
,,,4.53563e-06,19.8028
,,,4.54563e-06,20.4025
,,,4.55563e-06,20.6024
,,,4.56563e-06,20.6024
,,,4.57563e-06,20.8023
,,,4.58563e-06,20.8023
,,,4.59563e-06,21.8018
,,,4.60563e-06,21.7019
,,,4.61563e-06,21.6019
,,,4.62563e-06,22.3016
,,,4.63563e-06,22.5015
,,,4.64563e-06,22.4015
,,,4.65563e-06,23.1012
,,,4.66563e-06,23.501
,,,4.67563e-06,23.1012
,,,4.68563e-06,23.6009
,,,4.69563e-06,23.8008
,,,4.70563e-06,24.2006
,,,4.71563e-06,23.7009
,,,4.72563e-06,24.3006
,,,4.73563e-06,24.4005
,,,4.74563e-06,24.4005
,,,4.75563e-06,25.3001
,,,4.76563e-06,25.3001
,,,4.77563e-06,25.3001
,,,4.78563e-06,25.5
,,,4.79563e-06,25.8998
,,,4.80563e-06,25.9997
,,,4.81563e-06,25.9997
,,,4.82563e-06,26.1997
,,,4.83563e-06,25.9997
,,,4.84563e-06,26.0997
,,,4.85563e-06,26.7994
,,,4.86563e-06,26.7994
,,,4.87563e-06,27.1992
,,,4.88563e-06,26.7994
,,,4.89563e-06,26.7994
,,,4.90563e-06,26.9993
,,,4.91563e-06,27.0992
,,,4.92563e-06,26.9993
,,,4.93563e-06,27.3991
,,,4.94563e-06,27.3991
,,,4.95563e-06,27.1992
,,,4.96563e-06,27.6989
,,,4.97563e-06,27.6989
,,,4.98563e-06,27.0992
,,,4.99563e-06,27.499
,,,5.00563e-06,27.3991
,,,5.01563e-06,27.0992
,,,5.02563e-06,26.8993
,,,5.03563e-06,27.2991
,,,5.04563e-06,27.0992
,,,5.05563e-06,26.8993
,,,5.06563e-06,26.7994
,,,5.07563e-06,26.6994
,,,5.08563e-06,26.9993
,,,5.09563e-06,26.1997
,,,5.10563e-06,26.4995
,,,5.11563e-06,26.1997
,,,5.12563e-06,26.2996
,,,5.13563e-06,25.5
,,,5.14563e-06,25.7998
,,,5.15563e-06,25.9997
,,,5.16563e-06,26.1997
,,,5.17563e-06,25.5999
,,,5.18563e-06,25.7998
,,,5.19563e-06,25.6999
,,,5.20563e-06,25.8998
,,,5.21563e-06,25.5
,,,5.22563e-06,25.6999
,,,5.23563e-06,25.7998
,,,5.24563e-06,26.1997
,,,5.25563e-06,25.5999
,,,5.26563e-06,25.9997
,,,5.27563e-06,25.6999
,,,5.28563e-06,25.8998
,,,5.29563e-06,25.6999
,,,5.30563e-06,25.7998
,,,5.31563e-06,25.6999
,,,5.32563e-06,26.0997
,,,5.33563e-06,25.9997
,,,5.34563e-06,25.6999
,,,5.35563e-06,26.1997
,,,5.36563e-06,26.0997
,,,5.37563e-06,25.6999
,,,5.38563e-06,25.7998
,,,5.39563e-06,25.8998
,,,5.40563e-06,25.7998
,,,5.41563e-06,25.3001
,,,5.42563e-06,25.7998
,,,5.43563e-06,25.9997
,,,5.44563e-06,25.6999
,,,5.45563e-06,25.3001
,,,5.46563e-06,25.5
,,,5.47563e-06,25.8998
,,,5.48563e-06,25.7998
,,,5.49563e-06,25.6999
,,,5.50563e-06,25.8998
,,,5.51563e-06,25.8998
,,,5.52563e-06,25.9997
,,,5.53563e-06,25.9997
,,,5.54563e-06,26.2996
,,,5.55563e-06,26.5995
,,,5.56563e-06,25.6999
,,,5.57563e-06,26.1997
,,,5.58563e-06,25.9997
,,,5.59563e-06,26.2996
,,,5.60563e-06,26.4995
,,,5.61563e-06,26.4995
,,,5.62563e-06,26.5995
,,,5.63563e-06,26.6994
,,,5.64563e-06,26.8993
,,,5.65563e-06,27.0992
,,,5.66563e-06,26.7994
,,,5.67563e-06,27.1992
,,,5.68563e-06,27.0992
,,,5.69563e-06,26.8993
,,,5.70563e-06,27.1992
,,,5.71563e-06,27.0992
,,,5.72563e-06,27.499
,,,5.73563e-06,27.3991
,,,5.74563e-06,27.599
,,,5.75563e-06,27.6989
,,,5.76563e-06,27.7989
,,,5.77563e-06,27.499
,,,5.78563e-06,27.1992
,,,5.79563e-06,27.499
,,,5.80563e-06,27.3991
,,,5.81563e-06,27.2991
,,,5.82563e-06,27.499
,,,5.83563e-06,27.499
,,,5.84563e-06,27.7989
,,,5.85563e-06,27.599
,,,5.86563e-06,27.499
,,,5.87563e-06,27.6989
,,,5.88563e-06,27.6989
,,,5.89563e-06,27.3991
,,,5.90563e-06,27.6989
,,,5.91563e-06,27.499
,,,5.92563e-06,27.499
,,,5.93563e-06,27.0992
,,,5.94563e-06,27.0992
,,,5.95563e-06,27.1992
,,,5.96563e-06,26.8993
,,,5.97563e-06,26.7994
,,,5.98563e-06,27.0992
,,,5.99563e-06,26.9993
,,,6.00563e-06,27.0992
,,,6.01563e-06,26.7994
,,,6.02563e-06,27.0992
,,,6.03563e-06,27.3991
,,,6.04563e-06,27.7989
,,,6.05563e-06,27.499
,,,6.06563e-06,27.3991
,,,6.07563e-06,27.2991
,,,6.08563e-06,27.1992
,,,6.09563e-06,27.499
,,,6.10563e-06,27.0992
,,,6.11563e-06,27.9988
,,,6.12563e-06,27.9988
,,,6.13563e-06,27.599
,,,6.14563e-06,26.9993
,,,6.15563e-06,27.7989
,,,6.16563e-06,27.7989
,,,6.17563e-06,27.2991
,,,6.18563e-06,27.0992
,,,6.19563e-06,27.9988
,,,6.20563e-06,27.7989
,,,6.21563e-06,27.6989
,,,6.22563e-06,27.3991
,,,6.23563e-06,27.9988
,,,6.24563e-06,28.3986
,,,6.25563e-06,28.0987
,,,6.26563e-06,28.5985
,,,6.27563e-06,28.4985
,,,6.28563e-06,28.5985
,,,6.29563e-06,28.6984
,,,6.30563e-06,28.5985
,,,6.31563e-06,28.6984
,,,6.32563e-06,28.7984
,,,6.33563e-06,28.5985
,,,6.34563e-06,28.3986
,,,6.35563e-06,29.598
,,,6.36563e-06,29.498
,,,6.37563e-06,28.7984
,,,6.38563e-06,28.9983
,,,6.39563e-06,29.6979
,,,6.40563e-06,29.598
,,,6.41563e-06,28.7984
,,,6.42563e-06,29.0982
,,,6.43563e-06,29.498
,,,6.44563e-06,30.3976
,,,6.45563e-06,29.6979
,,,6.46563e-06,29.7979
,,,6.47563e-06,29.8978
,,,6.48563e-06,29.6979
,,,6.49563e-06,29.6979
,,,6.50563e-06,29.598
,,,6.51563e-06,29.6979
,,,6.52563e-06,30.0977
,,,6.53563e-06,29.9978
,,,6.54563e-06,29.598
,,,6.55563e-06,29.7979
,,,6.56563e-06,29.9978
,,,6.57563e-06,29.2981
,,,6.58563e-06,29.498
,,,6.59563e-06,29.498
,,,6.60563e-06,29.8978
,,,6.61563e-06,29.498
,,,6.62563e-06,29.498
,,,6.63563e-06,29.598
,,,6.64563e-06,30.1977
,,,6.65563e-06,29.6979
,,,6.66563e-06,29.498
,,,6.67563e-06,29.6979
,,,6.68563e-06,29.7979
,,,6.69563e-06,29.598
,,,6.70563e-06,29.0982
,,,6.71563e-06,29.598
,,,6.72563e-06,29.498
,,,6.73563e-06,29.3981
,,,6.74563e-06,29.598
,,,6.75563e-06,29.1982
,,,6.76563e-06,29.2981
,,,6.77563e-06,28.8983
,,,6.78563e-06,29.0982
,,,6.79563e-06,29.1982
,,,6.80563e-06,29.0982
,,,6.81563e-06,28.5985
,,,6.82563e-06,28.8983
,,,6.83563e-06,29.3981
,,,6.84563e-06,28.8983
,,,6.85563e-06,28.9983
,,,6.86563e-06,29.1982
,,,6.87563e-06,29.1982
,,,6.88563e-06,29.1982
,,,6.89563e-06,29.1982
,,,6.90563e-06,29.0982
,,,6.91563e-06,29.3981
,,,6.92563e-06,29.3981
,,,6.93563e-06,28.8983
,,,6.94563e-06,28.7984
,,,6.95563e-06,29.2981
,,,6.96563e-06,28.7984
,,,6.97563e-06,28.9983
,,,6.98563e-06,29.0982
,,,6.99563e-06,29.1982
,,,7.00563e-06,29.1982
,,,7.01563e-06,28.5985
,,,7.02563e-06,29.498
,,,7.03563e-06,29.1982
,,,7.04563e-06,28.8983
,,,7.05563e-06,29.2981
,,,7.06563e-06,28.7984
,,,7.07563e-06,29.2981
,,,7.08563e-06,29.498
,,,7.09563e-06,29.3981
,,,7.10563e-06,29.8978
,,,7.11563e-06,29.6979
,,,7.12563e-06,29.8978
,,,7.13563e-06,29.498
,,,7.14563e-06,29.598
,,,7.15563e-06,29.6979
,,,7.16563e-06,29.7979
,,,7.17563e-06,29.598
,,,7.18563e-06,29.3981
,,,7.19563e-06,29.498
,,,7.20563e-06,29.0982
,,,7.21563e-06,29.2981
,,,7.22563e-06,28.8983
,,,7.23563e-06,29.498
,,,7.24563e-06,29.2981
,,,7.25563e-06,29.2981
,,,7.26563e-06,29.598
,,,7.27563e-06,29.498
,,,7.28563e-06,29.598
,,,7.29563e-06,29.498
,,,7.30563e-06,29.3981
,,,7.31563e-06,29.598
,,,7.32563e-06,29.8978
,,,7.33563e-06,29.7979
,,,7.34563e-06,30.0977
,,,7.35563e-06,30.3976
,,,7.36563e-06,29.9978
,,,7.37563e-06,29.9978
,,,7.38563e-06,30.4975
,,,7.39563e-06,30.6974
,,,7.40563e-06,30.5975
,,,7.41563e-06,30.4975
,,,7.42563e-06,30.7974
,,,7.43563e-06,30.6974
,,,7.44563e-06,30.3976
,,,7.45563e-06,30.8973
,,,7.46563e-06,30.4975
,,,7.47563e-06,30.7974
,,,7.48563e-06,30.8973
,,,7.49563e-06,30.7974
,,,7.50563e-06,30.6974
,,,7.51563e-06,30.8973
,,,7.52563e-06,30.4975
,,,7.53563e-06,30.3976
,,,7.54563e-06,30.3976
,,,7.55563e-06,30.3976
,,,7.56563e-06,30.4975
,,,7.57563e-06,30.1977
,,,7.58563e-06,30.2976
,,,7.59563e-06,30.5975
,,,7.60563e-06,30.0977
,,,7.61563e-06,30.5975
,,,7.62563e-06,30.6974
,,,7.63563e-06,30.0977
,,,7.64563e-06,29.6979
,,,7.65563e-06,29.498
,,,7.66563e-06,29.498
,,,7.67563e-06,29.3981
,,,7.68563e-06,28.8983
,,,7.69563e-06,28.7984
,,,7.70563e-06,29.1982
,,,7.71563e-06,28.8983
,,,7.72563e-06,28.7984
,,,7.73563e-06,29.0982
,,,7.74563e-06,29.1982
,,,7.75563e-06,29.598
,,,7.76563e-06,29.1982
,,,7.77563e-06,29.2981
,,,7.78563e-06,29.6979
,,,7.79563e-06,29.6979
,,,7.80563e-06,30.1977
,,,7.81563e-06,29.8978
,,,7.82563e-06,30.0977
,,,7.83563e-06,29.9978
,,,7.84563e-06,29.9978
,,,7.85563e-06,29.598
,,,7.86563e-06,29.7979
,,,7.87563e-06,29.598
,,,7.88563e-06,29.1982
,,,7.89563e-06,29.598
,,,7.90563e-06,29.498
,,,7.91563e-06,29.498
,,,7.92563e-06,29.498
,,,7.93563e-06,29.1982
,,,7.94563e-06,29.6979
,,,7.95563e-06,29.498
,,,7.96563e-06,29.9978
,,,7.97563e-06,29.9978
,,,7.98563e-06,29.6979
,,,7.99563e-06,29.9978
,,,8.00563e-06,30.3976
,,,8.01563e-06,29.8978
,,,8.02563e-06,30.4975
,,,8.03563e-06,30.2976
,,,8.04563e-06,30.5975
,,,8.05563e-06,30.3976
,,,8.06563e-06,30.7974
,,,8.07563e-06,31.2972
,,,8.08563e-06,30.7974
,,,8.09563e-06,30.4975
,,,8.10563e-06,31.0972
,,,8.11563e-06,30.7974
,,,8.12563e-06,30.4975
,,,8.13563e-06,30.6974
,,,8.14563e-06,31.0972
,,,8.15563e-06,30.4975
,,,8.16563e-06,31.0972
,,,8.17563e-06,30.2976
,,,8.18563e-06,31.2972
,,,8.19563e-06,30.5975
,,,8.20563e-06,30.7974
,,,8.21563e-06,30.8973
,,,8.22563e-06,30.8973
,,,8.23563e-06,30.8973
,,,8.24563e-06,30.4975
,,,8.25563e-06,30.0977
,,,8.26563e-06,30.8973
,,,8.27563e-06,30.9973
,,,8.28563e-06,30.2976
,,,8.29563e-06,30.1977
,,,8.30563e-06,30.2976
,,,8.31563e-06,30.6974
,,,8.32563e-06,30.1977
,,,8.33563e-06,30.0977
,,,8.34563e-06,30.7974
,,,8.35563e-06,30.7974
,,,8.36563e-06,30.3976
,,,8.37563e-06,30.1977
,,,8.38563e-06,30.5975
,,,8.39563e-06,30.4975
,,,8.40563e-06,30.5975
,,,8.41563e-06,29.8978
,,,8.42563e-06,30.6974
,,,8.43563e-06,30.8973
,,,8.44563e-06,30.4975
,,,8.45563e-06,30.5975
,,,8.46563e-06,30.6974
,,,8.47563e-06,30.7974
,,,8.48563e-06,30.7974
,,,8.49563e-06,30.6974
,,,8.50563e-06,30.8973
,,,8.51563e-06,31.2972
,,,8.52563e-06,31.0972
,,,8.53563e-06,31.0972
,,,8.54563e-06,31.697
,,,8.55563e-06,31.3971
,,,8.56563e-06,31.1972
,,,8.57563e-06,30.7974
,,,8.58563e-06,31.1972
,,,8.59563e-06,31.3971
,,,8.60563e-06,31.0972
,,,8.61563e-06,30.9973
,,,8.62563e-06,30.8973
,,,8.63563e-06,30.7974
,,,8.64563e-06,30.7974
,,,8.65563e-06,30.1977
,,,8.66563e-06,30.4975
,,,8.67563e-06,29.6979
,,,8.68563e-06,29.498
,,,8.69563e-06,29.598
,,,8.70563e-06,29.598
,,,8.71563e-06,29.1982
,,,8.72563e-06,29.2981
,,,8.73563e-06,29.1982
,,,8.74563e-06,29.6979
,,,8.75563e-06,29.7979
,,,8.76563e-06,29.8978
,,,8.77563e-06,29.498
,,,8.78563e-06,29.9978
,,,8.79563e-06,29.3981
,,,8.80563e-06,29.7979
,,,8.81563e-06,29.498
,,,8.82563e-06,29.598
,,,8.83563e-06,30.2976
,,,8.84563e-06,29.8978
,,,8.85563e-06,29.498
,,,8.86563e-06,30.0977
,,,8.87563e-06,28.9983
,,,8.88563e-06,28.8983
,,,8.89563e-06,28.5985
,,,8.90563e-06,28.7984
,,,8.91563e-06,28.1987
,,,8.92563e-06,28.1987
,,,8.93563e-06,27.6989
,,,8.94563e-06,27.7989
,,,8.95563e-06,27.3991
,,,8.96563e-06,27.8988
,,,8.97563e-06,27.6989
,,,8.98563e-06,28.4985
,,,8.99563e-06,28.2986
,,,9.00563e-06,28.4985
,,,9.01563e-06,28.7984
,,,9.02563e-06,29.3981
,,,9.03563e-06,28.9983
,,,9.04563e-06,29.498
,,,9.05563e-06,29.3981
,,,9.06563e-06,30.0977
,,,9.07563e-06,29.8978
,,,9.08563e-06,29.498
,,,9.09563e-06,29.9978
,,,9.10563e-06,30.4975
,,,9.11563e-06,30.2976
,,,9.12563e-06,30.1977
,,,9.13563e-06,30.0977
,,,9.14563e-06,30.2976
,,,9.15563e-06,30.2976
,,,9.16563e-06,30.1977
,,,9.17563e-06,29.9978
,,,9.18563e-06,30.4975
,,,9.19563e-06,30.5975
,,,9.20563e-06,30.3976
,,,9.21563e-06,30.3976
,,,9.22563e-06,30.6974
,,,9.23563e-06,30.1977
,,,9.24563e-06,30.2976
,,,9.25563e-06,30.4975
,,,9.26563e-06,30.8973
,,,9.27563e-06,30.1977
,,,9.28563e-06,30.7974
,,,9.29563e-06,31.0972
,,,9.30563e-06,31.2972
,,,9.31563e-06,31.0972
,,,9.32563e-06,30.6974
,,,9.33563e-06,30.5975
,,,9.34563e-06,31.697
,,,9.35563e-06,31.1972
,,,9.36563e-06,30.7974
,,,9.37563e-06,31.1972
,,,9.38563e-06,31.3971
,,,9.39563e-06,30.6974
,,,9.40563e-06,30.8973
,,,9.41563e-06,30.5975
,,,9.42563e-06,31.1972
,,,9.43563e-06,30.9973
,,,9.44563e-06,30.6974
,,,9.45563e-06,30.4975
,,,9.46563e-06,31.0972
,,,9.47563e-06,30.8973
,,,9.48563e-06,29.9978
,,,9.49563e-06,30.2976
,,,9.50563e-06,30.5975
,,,9.51563e-06,30.2976
,,,9.52563e-06,30.1977
,,,9.53563e-06,29.498
,,,9.54563e-06,30.0977
,,,9.55563e-06,29.9978
,,,9.56563e-06,29.3981
,,,9.57563e-06,29.0982
,,,9.58563e-06,29.6979
,,,9.59563e-06,29.1982
,,,9.60563e-06,29.598
,,,9.61563e-06,28.8983
,,,9.62563e-06,29.7979
,,,9.63563e-06,29.1982
,,,9.64563e-06,29.1982
,,,9.65563e-06,28.7984
,,,9.66563e-06,29.598
,,,9.67563e-06,28.7984
,,,9.68563e-06,28.2986
,,,9.69563e-06,28.2986
,,,9.70563e-06,28.8983
,,,9.71563e-06,29.0982
,,,9.72563e-06,28.6984
,,,9.73563e-06,28.3986
,,,9.74563e-06,29.2981
,,,9.75563e-06,29.1982
,,,9.76563e-06,29.0982
,,,9.77563e-06,29.8978
,,,9.78563e-06,29.6979
,,,9.79563e-06,29.598
,,,9.80563e-06,29.3981
,,,9.81563e-06,29.498
,,,9.82563e-06,29.7979
,,,9.83563e-06,29.7979
,,,9.84563e-06,29.598
,,,9.85563e-06,30.1977
,,,9.86563e-06,30.1977
,,,9.87563e-06,30.0977
,,,9.88563e-06,30.0977
,,,9.89563e-06,29.9978
,,,9.90563e-06,29.7979
,,,9.91563e-06,30.0977
,,,9.92563e-06,29.6979
,,,9.93563e-06,29.1982
,,,9.94563e-06,29.6979
,,,9.95563e-06,29.1982
,,,9.96563e-06,29.1982
,,,9.97563e-06,29.0982
,,,9.98563e-06,29.7979
,,,9.99563e-06,29.2981
,,,1.000563e-05,28.8983
,,,1.001563e-05,29.2981
,,,1.002563e-05,29.2981
,,,1.003563e-05,29.1982
,,,1.004563e-05,29.3981
,,,1.005563e-05,28.5985
,,,1.006563e-05,29.6979
,,,1.007563e-05,29.2981
,,,1.008563e-05,29.1982
,,,1.009563e-05,28.9983
,,,1.010563e-05,29.498
,,,1.011563e-05,29.2981
,,,1.012563e-05,29.3981
,,,1.013563e-05,28.9983
,,,1.014563e-05,29.598
,,,1.015563e-05,28.9983
,,,1.016563e-05,29.3981
,,,1.017563e-05,29.3981
,,,1.018563e-05,29.6979
,,,1.019563e-05,29.2981
,,,1.020563e-05,29.0982
,,,1.021563e-05,28.9983
,,,1.022563e-05,28.7984
,,,1.023563e-05,28.7984
,,,1.024563e-05,28.2986
,,,1.025563e-05,27.9988
,,,1.026563e-05,28.4985
,,,1.027563e-05,28.1987
,,,1.028563e-05,28.0987
,,,1.029563e-05,28.5985
,,,1.030563e-05,29.1982
,,,1.031563e-05,29.3981
,,,1.032563e-05,28.6984
,,,1.033563e-05,28.8983
,,,1.034563e-05,29.598
,,,1.035563e-05,29.6979
,,,1.036563e-05,29.598
,,,1.037563e-05,29.498
,,,1.038563e-05,29.598
,,,1.039563e-05,29.6979
,,,1.040563e-05,29.3981
,,,1.041563e-05,30.0977
,,,1.042563e-05,30.2976
,,,1.043563e-05,30.2976
,,,1.044563e-05,30.4975
,,,1.045563e-05,30.1977
,,,1.046563e-05,30.8973
,,,1.047563e-05,30.0977
,,,1.048563e-05,29.9978
,,,1.049563e-05,29.2981
,,,1.050563e-05,29.8978
,,,1.051563e-05,29.598
,,,1.052563e-05,29.2981
,,,1.053563e-05,29.2981
,,,1.054563e-05,29.1982
,,,1.055563e-05,29.598
,,,1.056563e-05,28.6984
,,,1.057563e-05,28.7984
,,,1.058563e-05,29.498
,,,1.059563e-05,28.8983
,,,1.060563e-05,28.5985
,,,1.061563e-05,28.9983
,,,1.062563e-05,29.498
,,,1.063563e-05,28.9983
,,,1.064563e-05,28.4985
,,,1.065563e-05,28.2986
,,,1.066563e-05,28.6984
,,,1.067563e-05,28.6984
,,,1.068563e-05,28.1987
,,,1.069563e-05,28.0987
,,,1.070563e-05,28.9983
,,,1.071563e-05,28.7984
,,,1.072563e-05,28.9983
,,,1.073563e-05,28.7984
,,,1.074563e-05,28.3986
,,,1.075563e-05,28.7984
,,,1.076563e-05,28.2986
,,,1.077563e-05,28.1987
,,,1.078563e-05,28.5985
,,,1.079563e-05,28.6984
,,,1.080563e-05,28.0987
,,,1.081563e-05,27.9988
,,,1.082563e-05,27.8988
,,,1.083563e-05,27.7989
,,,1.084563e-05,27.6989
,,,1.085563e-05,27.2991
,,,1.086563e-05,27.9988
,,,1.087563e-05,27.599
,,,1.088563e-05,27.7989
,,,1.089563e-05,27.9988
,,,1.090563e-05,28.2986
,,,1.091563e-05,27.7989
,,,1.092563e-05,27.3991
,,,1.093563e-05,27.0992
,,,1.094563e-05,27.499
,,,1.095563e-05,27.0992
,,,1.096563e-05,27.3991
,,,1.097563e-05,27.2991
,,,1.098563e-05,27.6989
,,,1.099563e-05,27.7989
,,,1.100563e-05,27.599
,,,1.101563e-05,27.499
,,,1.102563e-05,28.1987
,,,1.103563e-05,27.8988
,,,1.104563e-05,27.6989
,,,1.105563e-05,27.499
,,,1.106563e-05,28.2986
,,,1.107563e-05,27.9988
,,,1.108563e-05,27.499
,,,1.109563e-05,27.9988
,,,1.110563e-05,28.3986
,,,1.111563e-05,28.1987
,,,1.112563e-05,28.0987
,,,1.113563e-05,27.599
,,,1.114563e-05,28.4985
,,,1.115563e-05,28.0987
,,,1.116563e-05,27.8988
,,,1.117563e-05,28.1987
,,,1.118563e-05,28.4985
,,,1.119563e-05,28.5985
,,,1.120563e-05,28.2986
,,,1.121563e-05,28.2986
,,,1.122563e-05,29.1982
,,,1.123563e-05,28.6984
,,,1.124563e-05,28.2986
,,,1.125563e-05,28.3986
,,,1.126563e-05,28.4985
,,,1.127563e-05,28.0987
,,,1.128563e-05,28.2986
,,,1.129563e-05,28.3986
,,,1.130563e-05,28.4985
,,,1.131563e-05,28.3986
,,,1.132563e-05,27.9988
,,,1.133563e-05,27.2991
,,,1.134563e-05,28.0987
,,,1.135563e-05,27.8988
,,,1.136563e-05,27.599
,,,1.137563e-05,27.3991
,,,1.138563e-05,28.0987
,,,1.139563e-05,27.6989
,,,1.140563e-05,27.599
,,,1.141563e-05,27.3991
,,,1.142563e-05,28.5985
,,,1.143563e-05,28.0987
,,,1.144563e-05,28.2986
,,,1.145563e-05,27.3991
,,,1.146563e-05,28.0987
,,,1.147563e-05,28.1987
,,,1.148563e-05,28.0987
,,,1.149563e-05,27.6989
,,,1.150563e-05,27.8988
,,,1.151563e-05,28.0987
,,,1.152563e-05,28.0987
,,,1.153563e-05,27.2991
,,,1.154563e-05,27.6989
,,,1.155563e-05,27.499
,,,1.156563e-05,27.599
,,,1.157563e-05,27.3991
,,,1.158563e-05,27.599
,,,1.159563e-05,27.599
,,,1.160563e-05,27.3991
,,,1.161563e-05,27.499
,,,1.162563e-05,28.1987
,,,1.163563e-05,27.499
,,,1.164563e-05,27.2991
,,,1.165563e-05,27.7989
,,,1.166563e-05,27.3991
,,,1.167563e-05,27.499
,,,1.168563e-05,27.6989
,,,1.169563e-05,27.599
,,,1.170563e-05,27.499
,,,1.171563e-05,27.599
,,,1.172563e-05,27.599
,,,1.173563e-05,27.3991
,,,1.174563e-05,27.599
,,,1.175563e-05,27.3991
,,,1.176563e-05,27.2991
,,,1.177563e-05,27.2991
,,,1.178563e-05,27.3991
,,,1.179563e-05,27.599
,,,1.180563e-05,27.3991
,,,1.181563e-05,27.499
,,,1.182563e-05,27.499
,,,1.183563e-05,27.599
,,,1.184563e-05,27.6989
,,,1.185563e-05,27.6989
,,,1.186563e-05,27.599
,,,1.187563e-05,27.8988
,,,1.188563e-05,27.499
,,,1.189563e-05,27.499
,,,1.190563e-05,27.2991
,,,1.191563e-05,27.1992
,,,1.192563e-05,26.5995
,,,1.193563e-05,26.8993
,,,1.194563e-05,26.8993
,,,1.195563e-05,26.8993
,,,1.196563e-05,26.5995
,,,1.197563e-05,26.7994
,,,1.198563e-05,26.5995
,,,1.199563e-05,26.3996
,,,1.200563e-05,25.7998
,,,1.201563e-05,25.8998
,,,1.202563e-05,26.0997
,,,1.203563e-05,25.9997
,,,1.204563e-05,25.8998
,,,1.205563e-05,25.8998
,,,1.206563e-05,25.8998
,,,1.207563e-05,25.8998
,,,1.208563e-05,25.7998
,,,1.209563e-05,25.4
,,,1.210563e-05,25.9997
,,,1.211563e-05,26.0997
,,,1.212563e-05,25.8998
,,,1.213563e-05,25.3001
,,,1.214563e-05,25.6999
,,,1.215563e-05,25.5
,,,1.216563e-05,25.0002
,,,1.217563e-05,25.5999
,,,1.218563e-05,25.4
,,,1.219563e-05,25.6999
,,,1.220563e-05,25.5999
,,,1.221563e-05,25.7998
,,,1.222563e-05,25.6999
,,,1.223563e-05,26.2996
,,,1.224563e-05,25.5
,,,1.225563e-05,25.9997
,,,1.226563e-05,25.9997
,,,1.227563e-05,26.0997
,,,1.228563e-05,25.6999
,,,1.229563e-05,25.7998
,,,1.230563e-05,25.7998
,,,1.231563e-05,25.8998
,,,1.232563e-05,25.3001
,,,1.233563e-05,25.6999
,,,1.234563e-05,25.5
,,,1.235563e-05,25.1002
,,,1.236563e-05,25.5
,,,1.237563e-05,25.7998
,,,1.238563e-05,25.5
,,,1.239563e-05,25.7998
,,,1.240563e-05,25.5999
,,,1.241563e-05,25.6999
,,,1.242563e-05,25.7998
,,,1.243563e-05,25.5999
,,,1.244563e-05,25.3001
,,,1.245563e-05,25.6999
,,,1.246563e-05,25.5
,,,1.247563e-05,25.9997
,,,1.248563e-05,25.5999
,,,1.249563e-05,25.7998
,,,1.250563e-05,25.3001
,,,1.251563e-05,25.5
,,,1.252563e-05,25.4
,,,1.253563e-05,24.9003
,,,1.254563e-05,25.2001
,,,1.255563e-05,25.1002
,,,1.256563e-05,25.0002
,,,1.257563e-05,25.2001
,,,1.258563e-05,25.4
,,,1.259563e-05,25.2001
,,,1.260563e-05,25.1002
,,,1.261563e-05,25.0002
,,,1.262563e-05,25.4
,,,1.263563e-05,25.5
,,,1.264563e-05,25.5
,,,1.265563e-05,25.3001
,,,1.266563e-05,25.1002
,,,1.267563e-05,24.9003
,,,1.268563e-05,25.1002
,,,1.269563e-05,25.5999
,,,1.270563e-05,25.4
,,,1.271563e-05,25.6999
,,,1.272563e-05,25.4
,,,1.273563e-05,25.1002
,,,1.274563e-05,24.9003
,,,1.275563e-05,25.2001
,,,1.276563e-05,24.7004
,,,1.277563e-05,24.6004
,,,1.278563e-05,25.1002
,,,1.279563e-05,25.0002
,,,1.280563e-05,24.5005
,,,1.281563e-05,24.5005
,,,1.282563e-05,25.0002
,,,1.283563e-05,24.7004
,,,1.284563e-05,24.6004
,,,1.285563e-05,24.7004
,,,1.286563e-05,24.7004
,,,1.287563e-05,24.4005
,,,1.288563e-05,24.8003
,,,1.289563e-05,24.5005
,,,1.290563e-05,24.5005
,,,1.291563e-05,24.7004
,,,1.292563e-05,25.0002
,,,1.293563e-05,25.0002
,,,1.294563e-05,24.7004
,,,1.295563e-05,24.8003
,,,1.296563e-05,24.8003
,,,1.297563e-05,24.9003
,,,1.298563e-05,24.8003
,,,1.299563e-05,24.7004
,,,1.300563e-05,25.1002
,,,1.301563e-05,24.8003
,,,1.302563e-05,24.5005
,,,1.303563e-05,24.4005
,,,1.304563e-05,23.8008
,,,1.305563e-05,23.6009
,,,1.306563e-05,22.8013
,,,1.307563e-05,22.7014
,,,1.308563e-05,22.0017
,,,1.309563e-05,22.3016
,,,1.310563e-05,21.502
,,,1.311563e-05,21.9018
,,,1.312563e-05,20.9022
,,,1.313563e-05,21.0022
,,,1.314563e-05,20.0027
,,,1.315563e-05,19.8028
,,,1.316563e-05,19.7028
,,,1.317563e-05,19.0032
,,,1.318563e-05,19.2031
,,,1.319563e-05,18.7033
,,,1.320563e-05,18.6034
,,,1.321563e-05,18.5034
,,,1.322563e-05,18.2036
,,,1.323563e-05,18.1036
,,,1.324563e-05,18.2036
,,,1.325563e-05,18.7033
,,,1.326563e-05,18.7033
,,,1.327563e-05,19.1031
,,,1.328563e-05,19.8028
,,,1.329563e-05,20.5024
,,,1.330563e-05,20.7023
,,,1.331563e-05,20.9022
,,,1.332563e-05,21.6019
,,,1.333563e-05,21.502
,,,1.334563e-05,21.402
,,,1.335563e-05,22.2016
,,,1.336563e-05,22.7014
,,,1.337563e-05,22.9013
,,,1.338563e-05,22.9013
,,,1.339563e-05,23.401
,,,1.340563e-05,23.3011
,,,1.341563e-05,23.8008
,,,1.342563e-05,24.0007
,,,1.343563e-05,24.6004
,,,1.344563e-05,24.9003
,,,1.345563e-05,24.7004
,,,1.346563e-05,24.9003
,,,1.347563e-05,25.5
,,,1.348563e-05,25.4
,,,1.349563e-05,25.8998
,,,1.350563e-05,25.9997
,,,1.351563e-05,26.2996
,,,1.352563e-05,25.9997
,,,1.353563e-05,25.9997
,,,1.354563e-05,25.6999
,,,1.355563e-05,25.7998
,,,1.356563e-05,25.9997
,,,1.357563e-05,25.6999
,,,1.358563e-05,25.6999
,,,1.359563e-05,26.3996
,,,1.360563e-05,25.9997
,,,1.361563e-05,25.8998
,,,1.362563e-05,25.5999
,,,1.363563e-05,25.8998
,,,1.364563e-05,25.5
,,,1.365563e-05,25.1002
,,,1.366563e-05,25.0002
,,,1.367563e-05,25.3001
,,,1.368563e-05,25.4
,,,1.369563e-05,25.1002
,,,1.370563e-05,25.1002
,,,1.371563e-05,25.1002
,,,1.372563e-05,24.9003
,,,1.373563e-05,24.5005
,,,1.374563e-05,24.9003
,,,1.375563e-05,24.2006
,,,1.376563e-05,24.3006
,,,1.377563e-05,24.0007
,,,1.378563e-05,23.501
,,,1.379563e-05,23.7009
,,,1.380563e-05,23.9008
,,,1.381563e-05,23.1012
,,,1.382563e-05,22.4015
,,,1.383563e-05,22.6014
,,,1.384563e-05,21.9018
,,,1.385563e-05,21.3021
,,,1.386563e-05,20.6024
,,,1.387563e-05,20.5024
,,,1.388563e-05,20.3025
,,,1.389563e-05,19.7028
,,,1.390563e-05,19.0032
,,,1.391563e-05,18.9032
,,,1.392563e-05,18.5034
,,,1.393563e-05,18.0037
,,,1.394563e-05,17.304
,,,1.395563e-05,17.6039
,,,1.396563e-05,17.2041
,,,1.397563e-05,16.7043
,,,1.398563e-05,15.8047
,,,1.399563e-05,16.5044
,,,1.400563e-05,16.0047
,,,1.401563e-05,16.2046
,,,1.402563e-05,15.9047
,,,1.403563e-05,16.5044
,,,1.404563e-05,16.7043
,,,1.405563e-05,16.9042
,,,1.406563e-05,16.3045
,,,1.407563e-05,17.2041
,,,1.408563e-05,17.2041
,,,1.409563e-05,16.8043
,,,1.410563e-05,17.2041
,,,1.411563e-05,16.7043
,,,1.412563e-05,16.2046
,,,1.413563e-05,16.5044
,,,1.414563e-05,16.1046
,,,1.415563e-05,16.3045
,,,1.416563e-05,15.9047
,,,1.417563e-05,16.1046
,,,1.418563e-05,16.1046
,,,1.419563e-05,15.8047
,,,1.420563e-05,15.6048
,,,1.421563e-05,16.1046
,,,1.422563e-05,16.2046
,,,1.423563e-05,16.7043
,,,1.424563e-05,17.0042
,,,1.425563e-05,17.404
,,,1.426563e-05,17.7038
,,,1.427563e-05,18.7033
,,,1.428563e-05,18.3035
,,,1.429563e-05,18.9032
,,,1.430563e-05,19.303
,,,1.431563e-05,19.5029
,,,1.432563e-05,19.403
,,,1.433563e-05,19.8028
,,,1.434563e-05,19.9027
,,,1.435563e-05,20.5024
,,,1.436563e-05,20.8023
,,,1.437563e-05,21.2021
,,,1.438563e-05,21.1022
,,,1.439563e-05,21.1022
,,,1.440563e-05,22.0017
,,,1.441563e-05,20.8023
,,,1.442563e-05,21.2021
,,,1.443563e-05,21.1022
,,,1.444563e-05,21.0022
,,,1.445563e-05,20.5024
,,,1.446563e-05,20.6024
,,,1.447563e-05,20.4025
,,,1.448563e-05,20.7023
,,,1.449563e-05,20.4025
,,,1.450563e-05,20.3025
,,,1.451563e-05,20.1026
,,,1.452563e-05,20.1026
,,,1.453563e-05,19.6029
,,,1.454563e-05,20.5024
,,,1.455563e-05,20.1026
,,,1.456563e-05,20.1026
,,,1.457563e-05,19.9027
,,,1.458563e-05,19.8028
,,,1.459563e-05,19.8028
,,,1.460563e-05,20.2026
,,,1.461563e-05,20.0027
,,,1.462563e-05,19.9027
,,,1.463563e-05,19.8028
,,,1.464563e-05,19.6029
,,,1.465563e-05,18.9032
,,,1.466563e-05,18.9032
,,,1.467563e-05,19.0032
,,,1.468563e-05,18.4035
,,,1.469563e-05,18.5034
,,,1.470563e-05,18.5034
,,,1.471563e-05,18.5034
,,,1.472563e-05,19.0032
,,,1.473563e-05,18.7033
,,,1.474563e-05,18.7033
,,,1.475563e-05,18.9032
,,,1.476563e-05,18.4035
,,,1.477563e-05,18.2036
,,,1.478563e-05,19.0032
,,,1.479563e-05,18.8033
,,,1.480563e-05,18.8033
,,,1.481563e-05,18.2036
,,,1.482563e-05,18.6034
,,,1.483563e-05,18.8033
,,,1.484563e-05,18.4035
,,,1.485563e-05,18.4035
,,,1.486563e-05,18.1036
,,,1.487563e-05,18.2036
,,,1.488563e-05,18.3035
,,,1.489563e-05,17.6039
,,,1.490563e-05,17.9037
,,,1.491563e-05,17.5039
,,,1.492563e-05,17.9037
,,,1.493563e-05,17.404
,,,1.494563e-05,17.0042
,,,1.495563e-05,16.8043
,,,1.496563e-05,17.0042
,,,1.497563e-05,16.8043
,,,1.498563e-05,16.9042
,,,1.499563e-05,16.6044
,,,1.500563e-05,16.7043
,,,1.501563e-05,16.8043
,,,1.502563e-05,16.6044
,,,1.503563e-05,17.1041
,,,1.504563e-05,17.6039
,,,1.505563e-05,17.0042
,,,1.506563e-05,16.8043
,,,1.507563e-05,17.1041
,,,1.508563e-05,17.2041
,,,1.509563e-05,16.7043
,,,1.510563e-05,17.0042
,,,1.511563e-05,16.5044
,,,1.512563e-05,17.1041
,,,1.513563e-05,16.7043
,,,1.514563e-05,16.7043
,,,1.515563e-05,16.8043
,,,1.516563e-05,16.9042
,,,1.517563e-05,17.2041
,,,1.518563e-05,16.5044
,,,1.519563e-05,16.6044
,,,1.520563e-05,16.6044
,,,1.521563e-05,16.1046
,,,1.522563e-05,15.7048
,,,1.523563e-05,16.0047
,,,1.524563e-05,15.9047
,,,1.525563e-05,15.5049
,,,1.526563e-05,15.205
,,,1.527563e-05,14.8052
,,,1.528563e-05,14.9052
,,,1.529563e-05,14.1056
,,,1.530563e-05,14.1056
,,,1.531563e-05,13.6058
,,,1.532563e-05,13.8057
,,,1.533563e-05,13.4059
,,,1.534563e-05,12.9062
,,,1.535563e-05,13.1061
,,,1.536563e-05,13.306
,,,1.537563e-05,12.8062
,,,1.538563e-05,12.5938
,,,1.539563e-05,12.9062
,,,1.540563e-05,12.5938
,,,1.541563e-05,12.5938
,,,1.542563e-05,11.7942
,,,1.543563e-05,11.4944
,,,1.544563e-05,11.9941
,,,1.545563e-05,11.7942
,,,1.546563e-05,10.9946
,,,1.547563e-05,11.3944
,,,1.548563e-05,11.2945
,,,1.549563e-05,11.2945
,,,1.550563e-05,11.1945
,,,1.551563e-05,11.2945
,,,1.552563e-05,11.3944
,,,1.553563e-05,10.8947
,,,1.554563e-05,10.8947
,,,1.555563e-05,10.9946
,,,1.556563e-05,11.3944
,,,1.557563e-05,11.4944
,,,1.558563e-05,10.9946
,,,1.559563e-05,12.0941
,,,1.560563e-05,12.3939
,,,1.561563e-05,12.294
,,,1.562563e-05,11.5943
,,,1.563563e-05,11.8942
,,,1.564563e-05,12.194
,,,1.565563e-05,12.0941
,,,1.566563e-05,11.2945
,,,1.567563e-05,11.9941
,,,1.568563e-05,12.4939
,,,1.569563e-05,12.194
,,,1.570563e-05,11.9941
,,,1.571563e-05,12.4939
,,,1.572563e-05,13.0061
,,,1.573563e-05,12.294
,,,1.574563e-05,12.8062
,,,1.575563e-05,12.8062
,,,1.576563e-05,13.0061
,,,1.577563e-05,12.8062
,,,1.578563e-05,12.4939
,,,1.579563e-05,12.5938
,,,1.580563e-05,12.6938
,,,1.581563e-05,12.3939
,,,1.582563e-05,11.9941
,,,1.583563e-05,11.6943
,,,1.584563e-05,11.8942
,,,1.585563e-05,11.3944
,,,1.586563e-05,10.9946
,,,1.587563e-05,10.295
,,,1.588563e-05,10.5948
,,,1.589563e-05,10.3949
,,,1.590563e-05,9.59529
,,,1.591563e-05,9.39539
,,,1.592563e-05,9.39539
,,,1.593563e-05,8.99559
,,,1.594563e-05,8.69574
,,,1.595563e-05,8.29593
,,,1.596563e-05,8.29593
,,,1.597563e-05,7.79618
,,,1.598563e-05,7.69623
,,,1.599563e-05,7.09652
,,,1.600563e-05,7.39637
,,,1.601563e-05,6.69672
,,,1.602563e-05,6.99657
,,,1.603563e-05,6.79667
,,,1.604563e-05,6.39686
,,,1.605563e-05,5.79716
,,,1.606563e-05,5.69721
,,,1.607563e-05,5.2974
,,,1.608563e-05,5.4973
,,,1.609563e-05,4.79765
,,,1.610563e-05,4.39784
,,,1.611563e-05,4.39784
,,,1.612563e-05,4.39784
,,,1.613563e-05,4.09799
,,,1.614563e-05,3.99804
,,,1.615563e-05,3.59824
,,,1.616563e-05,3.59824
,,,1.617563e-05,3.39833
,,,1.618563e-05,3.09848
,,,1.619563e-05,2.79863
,,,1.620563e-05,3.19843
,,,1.621563e-05,2.59873
,,,1.622563e-05,2.49877
,,,1.623563e-05,2.59873
,,,1.624563e-05,2.99853
,,,1.625563e-05,2.69868
,,,1.626563e-05,2.59873
,,,1.627563e-05,2.69868
,,,1.628563e-05,2.29887
,,,1.629563e-05,2.69868
,,,1.630563e-05,2.59873
,,,1.631563e-05,2.39882
,,,1.632563e-05,2.69868
,,,1.633563e-05,2.69868
,,,1.634563e-05,2.89858
,,,1.635563e-05,2.79863
,,,1.636563e-05,3.09848
,,,1.637563e-05,2.99853
,,,1.638563e-05,2.69868
,,,1.639563e-05,2.79863
,,,1.640563e-05,3.09848
,,,1.641563e-05,3.09848
,,,1.642563e-05,2.89858
,,,1.643563e-05,3.29838
,,,1.644563e-05,3.69819
,,,1.645563e-05,3.69819
,,,1.646563e-05,3.69819
,,,1.647563e-05,3.59824
,,,1.648563e-05,3.89809
,,,1.649563e-05,4.09799
,,,1.650563e-05,4.29789
,,,1.651563e-05,3.99804
,,,1.652563e-05,3.59824
,,,1.653563e-05,3.99804
,,,1.654563e-05,4.39784
,,,1.655563e-05,4.09799
,,,1.656563e-05,4.39784
,,,1.657563e-05,4.19794
,,,1.658563e-05,4.09799
,,,1.659563e-05,3.69819
,,,1.660563e-05,3.99804
,,,1.661563e-05,3.19843
,,,1.662563e-05,3.99804
,,,1.663563e-05,3.79814
,,,1.664563e-05,3.69819
,,,1.665563e-05,3.09848
,,,1.666563e-05,3.89809
,,,1.667563e-05,3.09848
,,,1.668563e-05,2.99853
,,,1.669563e-05,2.89858
,,,1.670563e-05,2.99853
,,,1.671563e-05,2.69868
,,,1.672563e-05,2.29887
,,,1.673563e-05,2.39882
,,,1.674563e-05,2.09897
,,,1.675563e-05,2.49877
,,,1.676563e-05,1.69917
,,,1.677563e-05,1.89907
,,,1.678563e-05,2.19892
,,,1.679563e-05,2.19892
,,,1.680563e-05,1.99902
,,,1.681563e-05,1.89907
,,,1.682563e-05,1.69917
,,,1.683563e-05,1.99902
,,,1.684563e-05,1.69917
,,,1.685563e-05,1.79912
,,,1.686563e-05,2.39882
,,,1.687563e-05,1.79912
,,,1.688563e-05,1.69917
,,,1.689563e-05,1.69917
,,,1.690563e-05,2.09897
,,,1.691563e-05,1.69917
,,,1.692563e-05,1.79912
,,,1.693563e-05,1.99902
,,,1.694563e-05,1.99902
,,,1.695563e-05,2.19892
,,,1.696563e-05,1.89907
,,,1.697563e-05,1.69917
,,,1.698563e-05,1.89907
,,,1.699563e-05,1.69917
,,,1.700563e-05,1.89907
,,,1.701563e-05,1.89907
,,,1.702563e-05,1.99902
,,,1.703563e-05,1.79912
,,,1.704563e-05,1.99902
,,,1.705563e-05,2.19892
,,,1.706563e-05,1.89907
,,,1.707563e-05,2.19892
,,,1.708563e-05,2.09897
,,,1.709563e-05,2.39882
,,,1.710563e-05,1.89907
,,,1.711563e-05,2.09897
,,,1.712563e-05,1.79912
,,,1.713563e-05,2.29887
,,,1.714563e-05,1.59922
,,,1.715563e-05,2.29887
,,,1.716563e-05,2.09897
,,,1.717563e-05,2.09897
,,,1.718563e-05,1.79912
,,,1.719563e-05,2.09897
,,,1.720563e-05,1.59922
,,,1.721563e-05,2.49877
,,,1.722563e-05,1.99902
,,,1.723563e-05,2.39882
,,,1.724563e-05,1.79912
,,,1.725563e-05,2.39882
,,,1.726563e-05,1.99902
,,,1.727563e-05,2.09897
,,,1.728563e-05,1.69917
,,,1.729563e-05,1.89907
,,,1.730563e-05,1.59922
,,,1.731563e-05,1.89907
,,,1.732563e-05,1.79912
,,,1.733563e-05,1.89907
,,,1.734563e-05,1.69917
,,,1.735563e-05,1.39931
,,,1.736563e-05,1.89907
,,,1.737563e-05,1.89907
,,,1.738563e-05,1.59922
,,,1.739563e-05,1.59922
,,,1.740563e-05,1.79912
,,,1.741563e-05,1.79912
,,,1.742563e-05,1.49926
,,,1.743563e-05,1.59922
,,,1.744563e-05,1.69917
,,,1.745563e-05,2.19892
,,,1.746563e-05,1.49926
,,,1.747563e-05,1.59922
,,,1.748563e-05,1.99902
,,,1.749563e-05,1.89907
,,,1.750563e-05,1.89907
,,,1.751563e-05,2.09897
,,,1.752563e-05,1.89907
,,,1.753563e-05,1.79912
,,,1.754563e-05,1.79912
,,,1.755563e-05,1.69917
,,,1.756563e-05,1.59922
,,,1.757563e-05,1.49926
,,,1.758563e-05,1.29936
,,,1.759563e-05,1.39931
,,,1.760563e-05,1.39931
,,,1.761563e-05,1.09946
,,,1.762563e-05,0.899559
,,,1.763563e-05,1.59922
,,,1.764563e-05,1.19941
,,,1.765563e-05,1.09946
,,,1.766563e-05,1.09946
,,,1.767563e-05,1.79912
,,,1.768563e-05,1.49926
,,,1.769563e-05,0.799608
,,,1.770563e-05,0.899559
,,,1.771563e-05,1.49926
,,,1.772563e-05,1.09946
,,,1.773563e-05,0.899559
,,,1.774563e-05,0.99951
,,,1.775563e-05,0.99951
,,,1.776563e-05,0.799608
,,,1.777563e-05,0.799608
,,,1.778563e-05,0.399804
,,,1.779563e-05,0.299853
,,,1.780563e-05,0.199902
,,,1.781563e-05,0.499755
,,,1.782563e-05,0.099951
,,,1.783563e-05,0.699657
,,,1.784563e-05,0.099951
,,,1.785563e-05,-0.299853
,,,1.786563e-05,-0.099951
,,,1.787563e-05,0.299853
,,,1.788563e-05,0.199902
,,,1.789563e-05,-0.299853
,,,1.790563e-05,-0.199902
,,,1.791563e-05,-0.099951
,,,1.792563e-05,-0.499755
,,,1.793563e-05,-0.499755
,,,1.794563e-05,-0.799608
,,,1.795563e-05,-0.699657
,,,1.796563e-05,-0.699657
,,,1.797563e-05,-0.899559
,,,1.798563e-05,-0.399804
,,,1.799563e-05,-0.799608
,,,1.800563e-05,-0.899559
,,,1.801563e-05,-1.69917
,,,1.802563e-05,-1.09946
,,,1.803563e-05,-1.39931
,,,1.804563e-05,-1.19941
,,,1.805563e-05,-1.39931
,,,1.806563e-05,-1.29936
,,,1.807563e-05,-1.29936
,,,1.808563e-05,-1.59922
,,,1.809563e-05,-1.89907
,,,1.810563e-05,-1.89907
,,,1.811563e-05,-1.59922
,,,1.812563e-05,-1.89907
,,,1.813563e-05,-1.99902
,,,1.814563e-05,-2.29887
,,,1.815563e-05,-2.09897
,,,1.816563e-05,-1.89907
,,,1.817563e-05,-2.09897
,,,1.818563e-05,-2.39882
,,,1.819563e-05,-2.29887
,,,1.820563e-05,-1.99902
,,,1.821563e-05,-2.49877
,,,1.822563e-05,-2.79863
,,,1.823563e-05,-2.39882
,,,1.824563e-05,-2.49877
,,,1.825563e-05,-2.59873
,,,1.826563e-05,-3.09848
,,,1.827563e-05,-2.49877
,,,1.828563e-05,-3.39833
,,,1.829563e-05,-2.89858
,,,1.830563e-05,-2.89858
,,,1.831563e-05,-3.49828
,,,1.832563e-05,-3.39833
,,,1.833563e-05,-3.19843
,,,1.834563e-05,-3.09848
,,,1.835563e-05,-3.29838
,,,1.836563e-05,-3.39833
,,,1.837563e-05,-3.19843
,,,1.838563e-05,-3.99804
,,,1.839563e-05,-3.29838
,,,1.840563e-05,-3.39833
,,,1.841563e-05,-3.79814
,,,1.842563e-05,-3.49828
,,,1.843563e-05,-3.69819
,,,1.844563e-05,-3.99804
,,,1.845563e-05,-3.39833
,,,1.846563e-05,-4.09799
,,,1.847563e-05,-3.99804
,,,1.848563e-05,-3.49828
,,,1.849563e-05,-3.69819
,,,1.850563e-05,-4.19794
,,,1.851563e-05,-3.99804
,,,1.852563e-05,-4.49779
,,,1.853563e-05,-3.89809
,,,1.854563e-05,-4.29789
,,,1.855563e-05,-4.19794
,,,1.856563e-05,-4.49779
,,,1.857563e-05,-4.39784
,,,1.858563e-05,-4.09799
,,,1.859563e-05,-4.49779
,,,1.860563e-05,-5.19745
,,,1.861563e-05,-4.6977
,,,1.862563e-05,-4.39784
,,,1.863563e-05,-4.6977
,,,1.864563e-05,-4.79765
,,,1.865563e-05,-4.49779
,,,1.866563e-05,-4.59775
,,,1.867563e-05,-4.99755
,,,1.868563e-05,-4.99755
,,,1.869563e-05,-4.8976
,,,1.870563e-05,-5.0975
,,,1.871563e-05,-4.99755
,,,1.872563e-05,-4.99755
,,,1.873563e-05,-5.4973
,,,1.874563e-05,-4.8976
,,,1.875563e-05,-5.2974
,,,1.876563e-05,-5.19745
,,,1.877563e-05,-5.69721
,,,1.878563e-05,-5.4973
,,,1.879563e-05,-5.4973
,,,1.880563e-05,-5.69721
,,,1.881563e-05,-5.69721
,,,1.882563e-05,-5.89711
,,,1.883563e-05,-5.39735
,,,1.884563e-05,-5.89711
,,,1.885563e-05,-5.99706
,,,1.886563e-05,-5.79716
,,,1.887563e-05,-5.4973
,,,1.888563e-05,-6.09701
,,,1.889563e-05,-5.4973
,,,1.890563e-05,-6.49681
,,,1.891563e-05,-5.69721
,,,1.892563e-05,-6.09701
,,,1.893563e-05,-6.69672
,,,1.894563e-05,-6.49681
,,,1.895563e-05,-6.19696
,,,1.896563e-05,-6.49681
,,,1.897563e-05,-6.19696
,,,1.898563e-05,-6.59676
,,,1.899563e-05,-6.39686
,,,1.900563e-05,-6.49681
,,,1.901563e-05,-6.39686
,,,1.902563e-05,-6.89662
,,,1.903563e-05,-6.49681
,,,1.904563e-05,-6.29691
,,,1.905563e-05,-6.79667
,,,1.906563e-05,-6.79667
,,,1.907563e-05,-6.49681
,,,1.908563e-05,-6.49681
,,,1.909563e-05,-6.99657
,,,1.910563e-05,-7.19647
,,,1.911563e-05,-6.49681
,,,1.912563e-05,-6.79667
,,,1.913563e-05,-6.99657
,,,1.914563e-05,-7.19647
,,,1.915563e-05,-6.79667
,,,1.916563e-05,-7.29642
,,,1.917563e-05,-7.19647
,,,1.918563e-05,-7.19647
,,,1.919563e-05,-6.49681
,,,1.920563e-05,-7.09652
,,,1.921563e-05,-6.99657
,,,1.922563e-05,-7.19647
,,,1.923563e-05,-7.09652
,,,1.924563e-05,-7.49632
,,,1.925563e-05,-7.19647
,,,1.926563e-05,-7.49632
,,,1.927563e-05,-6.79667
,,,1.928563e-05,-7.39637
,,,1.929563e-05,-7.29642
,,,1.930563e-05,-7.39637
,,,1.931563e-05,-6.89662
,,,1.932563e-05,-7.59627
,,,1.933563e-05,-7.29642
,,,1.934563e-05,-7.19647
,,,1.935563e-05,-6.79667
,,,1.936563e-05,-7.09652
,,,1.937563e-05,-7.49632
,,,1.938563e-05,-7.69623
,,,1.939563e-05,-7.59627
,,,1.940563e-05,-7.49632
,,,1.941563e-05,-7.29642
,,,1.942563e-05,-7.69623
,,,1.943563e-05,-7.09652
,,,1.944563e-05,-7.59627
,,,1.945563e-05,-7.39637
,,,1.946563e-05,-7.19647
,,,1.947563e-05,-7.19647
,,,1.948563e-05,-7.49632
,,,1.949563e-05,-7.59627
,,,1.950563e-05,-7.59627
,,,1.951563e-05,-7.49632
,,,1.952563e-05,-7.49632
,,,1.953563e-05,-7.49632
,,,1.954563e-05,-7.99608
,,,1.955563e-05,-7.39637
,,,1.956563e-05,-7.29642
,,,1.957563e-05,-7.79618
,,,1.958563e-05,-7.79618
,,,1.959563e-05,-7.39637
,,,1.960563e-05,-7.59627
,,,1.961563e-05,-7.49632
,,,1.962563e-05,-7.99608
,,,1.963563e-05,-7.59627
,,,1.964563e-05,-7.69623
,,,1.965563e-05,-7.59627
,,,1.966563e-05,-8.29593
,,,1.967563e-05,-7.49632
,,,1.968563e-05,-7.89613
,,,1.969563e-05,-7.99608
,,,1.970563e-05,-8.29593
,,,1.971563e-05,-7.79618
,,,1.972563e-05,-7.49632
,,,1.973563e-05,-7.39637
,,,1.974563e-05,-8.49583
,,,1.975563e-05,-7.59627
,,,1.976563e-05,-7.89613
,,,1.977563e-05,-7.79618
,,,1.978563e-05,-7.89613
,,,1.979563e-05,-8.19598
,,,1.980563e-05,-7.59627
,,,1.981563e-05,-7.89613
,,,1.982563e-05,-8.49583
,,,1.983563e-05,-7.99608
,,,1.984563e-05,-7.89613
,,,1.985563e-05,-8.29593
,,,1.986563e-05,-7.89613
,,,1.987563e-05,-7.79618
,,,1.988563e-05,-7.89613
,,,1.989563e-05,-8.29593
,,,1.990563e-05,-8.39588
,,,1.991563e-05,-7.79618
,,,1.992563e-05,-7.89613
,,,1.993563e-05,-7.99608
,,,1.994563e-05,-8.29593
,,,1.995563e-05,-7.89613
,,,1.996563e-05,-8.19598
,,,1.997563e-05,-8.29593
,,,1.998563e-05,-8.39588
,,,1.999563e-05,-7.89613
,,,2.000563e-05,-7.99608
,,,2.001563e-05,-7.89613
,,,2.002563e-05,-8.29593
,,,2.003563e-05,-8.39588
,,,2.004563e-05,-8.39588
,,,2.005563e-05,-8.09603
,,,2.006563e-05,-7.79618
,,,2.007563e-05,-7.89613
,,,2.008563e-05,-8.19598
,,,2.009563e-05,-8.19598
,,,2.010563e-05,-8.39588
,,,2.011563e-05,-8.09603
,,,2.012563e-05,-7.99608
,,,2.013563e-05,-8.49583
,,,2.014563e-05,-8.09603
,,,2.015563e-05,-7.99608
,,,2.016563e-05,-8.29593
,,,2.017563e-05,-8.59578
,,,2.018563e-05,-8.39588
,,,2.019563e-05,-8.19598
,,,2.020563e-05,-8.69574
,,,2.021563e-05,-8.49583
,,,2.022563e-05,-8.29593
,,,2.023563e-05,-8.19598
,,,2.024563e-05,-8.29593
,,,2.025563e-05,-8.49583
,,,2.026563e-05,-8.09603
,,,2.027563e-05,-8.29593
,,,2.028563e-05,-8.89564
,,,2.029563e-05,-8.39588
,,,2.030563e-05,-8.49583
,,,2.031563e-05,-8.19598
,,,2.032563e-05,-8.59578
,,,2.033563e-05,-8.39588
,,,2.034563e-05,-8.39588
,,,2.035563e-05,-8.19598
,,,2.036563e-05,-8.49583
,,,2.037563e-05,-8.69574
,,,2.038563e-05,-8.79569
,,,2.039563e-05,-8.39588
,,,2.040563e-05,-8.59578
,,,2.041563e-05,-8.29593
,,,2.042563e-05,-8.19598
,,,2.043563e-05,-8.89564
,,,2.044563e-05,-8.99559
,,,2.045563e-05,-8.89564
,,,2.046563e-05,-8.79569
,,,2.047563e-05,-9.09554
,,,2.048563e-05,-8.99559
,,,2.049563e-05,-8.79569
,,,2.050563e-05,-8.79569
,,,2.051563e-05,-8.89564
,,,2.052563e-05,-9.09554
,,,2.053563e-05,-8.49583
,,,2.054563e-05,-9.09554
,,,2.055563e-05,-9.09554
,,,2.056563e-05,-8.99559
,,,2.057563e-05,-8.99559
,,,2.058563e-05,-9.09554
,,,2.059563e-05,-9.09554
,,,2.060563e-05,-9.49534
,,,2.061563e-05,-8.99559
,,,2.062563e-05,-8.89564
,,,2.063563e-05,-9.29544
,,,2.064563e-05,-9.29544
,,,2.065563e-05,-8.79569
,,,2.066563e-05,-9.29544
,,,2.067563e-05,-9.59529
,,,2.068563e-05,-9.29544
,,,2.069563e-05,-8.99559
,,,2.070563e-05,-9.29544
,,,2.071563e-05,-9.39539
,,,2.072563e-05,-9.49534
,,,2.073563e-05,-9.29544
,,,2.074563e-05,-9.09554
,,,2.075563e-05,-9.09554
,,,2.076563e-05,-9.69525
,,,2.077563e-05,-9.29544
,,,2.078563e-05,-9.39539
,,,2.079563e-05,-9.19549
,,,2.080563e-05,-10.095
,,,2.081563e-05,-9.29544
,,,2.082563e-05,-9.29544
,,,2.083563e-05,-8.99559
,,,2.084563e-05,-10.195
,,,2.085563e-05,-8.99559
,,,2.086563e-05,-9.39539
,,,2.087563e-05,-9.49534
,,,2.088563e-05,-9.89515
,,,2.089563e-05,-9.59529
,,,2.090563e-05,-9.7952
,,,2.091563e-05,-9.59529
,,,2.092563e-05,-9.7952
,,,2.093563e-05,-9.39539
,,,2.094563e-05,-9.59529
,,,2.095563e-05,-9.59529
,,,2.096563e-05,-9.59529
,,,2.097563e-05,-9.09554
,,,2.098563e-05,-9.29544
,,,2.099563e-05,-9.29544
,,,2.100563e-05,-10.095
,,,2.101563e-05,-9.29544
,,,2.102563e-05,-9.39539
,,,2.103563e-05,-9.7952
,,,2.104563e-05,-9.89515
,,,2.105563e-05,-9.7952
,,,2.106563e-05,-9.9951
,,,2.107563e-05,-9.7952
,,,2.108563e-05,-10.095
,,,2.109563e-05,-9.7952
,,,2.110563e-05,-9.89515
,,,2.111563e-05,-9.59529
,,,2.112563e-05,-9.89515
,,,2.113563e-05,-10.195
,,,2.114563e-05,-9.89515
,,,2.115563e-05,-9.69525
,,,2.116563e-05,-9.9951
,,,2.117563e-05,-9.9951
,,,2.118563e-05,-10.195
,,,2.119563e-05,-9.89515
,,,2.120563e-05,-9.69525
,,,2.121563e-05,-10.3949
,,,2.122563e-05,-9.9951
,,,2.123563e-05,-9.89515
,,,2.124563e-05,-10.3949
,,,2.125563e-05,-10.195
,,,2.126563e-05,-9.89515
,,,2.127563e-05,-9.89515
,,,2.128563e-05,-10.4949
,,,2.129563e-05,-10.095
,,,2.130563e-05,-10.295
,,,2.131563e-05,-10.295
,,,2.132563e-05,-10.195
,,,2.133563e-05,-10.3949
,,,2.134563e-05,-10.095
,,,2.135563e-05,-10.3949
,,,2.136563e-05,-10.4949
,,,2.137563e-05,-10.095
,,,2.138563e-05,-10.3949
,,,2.139563e-05,-10.3949
,,,2.140563e-05,-10.5948
,,,2.141563e-05,-10.295
,,,2.142563e-05,-10.5948
,,,2.143563e-05,-10.195
,,,2.144563e-05,-10.8947
,,,2.145563e-05,-10.5948
,,,2.146563e-05,-10.5948
,,,2.147563e-05,-10.5948
,,,2.148563e-05,-11.0946
,,,2.149563e-05,-10.4949
,,,2.150563e-05,-10.7947
,,,2.151563e-05,-10.3949
,,,2.152563e-05,-11.0946
,,,2.153563e-05,-10.8947
,,,2.154563e-05,-11.2945
,,,2.155563e-05,-10.6948
,,,2.156563e-05,-10.8947
,,,2.157563e-05,-10.4949
,,,2.158563e-05,-11.1945
,,,2.159563e-05,-10.4949
,,,2.160563e-05,-10.8947
,,,2.161563e-05,-10.3949
,,,2.162563e-05,-11.0946
,,,2.163563e-05,-10.6948
,,,2.164563e-05,-11.5943
,,,2.165563e-05,-10.6948
,,,2.166563e-05,-11.2945
,,,2.167563e-05,-10.7947
,,,2.168563e-05,-11.2945
,,,2.169563e-05,-11.1945
,,,2.170563e-05,-11.2945
,,,2.171563e-05,-10.3949
,,,2.172563e-05,-11.2945
,,,2.173563e-05,-11.4944
,,,2.174563e-05,-11.3944
,,,2.175563e-05,-10.8947
,,,2.176563e-05,-11.3944
,,,2.177563e-05,-11.2945
,,,2.178563e-05,-11.6943
,,,2.179563e-05,-10.8947
,,,2.180563e-05,-11.0946
,,,2.181563e-05,-11.3944
,,,2.182563e-05,-11.1945
,,,2.183563e-05,-10.9946
,,,2.184563e-05,-11.8942
,,,2.185563e-05,-10.9946
,,,2.186563e-05,-11.4944
,,,2.187563e-05,-11.4944
,,,2.188563e-05,-11.7942
,,,2.189563e-05,-11.1945
,,,2.190563e-05,-11.7942
,,,2.191563e-05,-11.1945
,,,2.192563e-05,-11.5943
,,,2.193563e-05,-11.8942
,,,2.194563e-05,-11.9941
,,,2.195563e-05,-11.3944
,,,2.196563e-05,-11.9941
,,,2.197563e-05,-11.5943
,,,2.198563e-05,-11.5943
,,,2.199563e-05,-11.4944
,,,2.200563e-05,-11.8942
,,,2.201563e-05,-11.8942
,,,2.202563e-05,-12.0941
,,,2.203563e-05,-11.6943
,,,2.204563e-05,-12.4939
,,,2.205563e-05,-11.5943
,,,2.206563e-05,-11.9941
,,,2.207563e-05,-11.7942
,,,2.208563e-05,-12.194
,,,2.209563e-05,-11.7942
,,,2.210563e-05,-12.8062
,,,2.211563e-05,-12.0941
,,,2.212563e-05,-12.8062
,,,2.213563e-05,-12.0941
,,,2.214563e-05,-12.0941
,,,2.215563e-05,-12.4939
,,,2.216563e-05,-12.3939
,,,2.217563e-05,-12.3939
,,,2.218563e-05,-12.8062
,,,2.219563e-05,-12.294
,,,2.220563e-05,-12.9062
,,,2.221563e-05,-12.0941
,,,2.222563e-05,-12.3939
,,,2.223563e-05,-12.5938
,,,2.224563e-05,-12.3939
,,,2.225563e-05,-12.294
,,,2.226563e-05,-12.9062
,,,2.227563e-05,-12.5938
,,,2.228563e-05,-13.0061
,,,2.229563e-05,-12.4939
,,,2.230563e-05,-13.206
,,,2.231563e-05,-12.5938
,,,2.232563e-05,-12.8062
,,,2.233563e-05,-12.5938
,,,2.234563e-05,-13.1061
,,,2.235563e-05,-12.6938
,,,2.236563e-05,-13.306
,,,2.237563e-05,-12.9062
,,,2.238563e-05,-13.206
,,,2.239563e-05,-12.6938
,,,2.240563e-05,-13.5059
,,,2.241563e-05,-12.9062
,,,2.242563e-05,-13.206
,,,2.243563e-05,-13.306
,,,2.244563e-05,-13.5059
,,,2.245563e-05,-13.1061
,,,2.246563e-05,-13.5059
,,,2.247563e-05,-13.0061
,,,2.248563e-05,-13.206
,,,2.249563e-05,-12.8062
,,,2.250563e-05,-13.0061
,,,2.251563e-05,-12.8062
,,,2.252563e-05,-13.306
,,,2.253563e-05,-13.0061
,,,2.254563e-05,-13.7058
,,,2.255563e-05,-13.306
,,,2.256563e-05,-13.9057
,,,2.257563e-05,-12.9062
,,,2.258563e-05,-13.4059
,,,2.259563e-05,-12.9062
,,,2.260563e-05,-13.7058
,,,2.261563e-05,-13.306
,,,2.262563e-05,-13.7058
,,,2.263563e-05,-13.5059
,,,2.264563e-05,-13.6058
,,,2.265563e-05,-13.206
,,,2.266563e-05,-13.5059
,,,2.267563e-05,-13.4059
,,,2.268563e-05,-13.8057
,,,2.269563e-05,-13.1061
,,,2.270563e-05,-13.7058
,,,2.271563e-05,-13.5059
,,,2.272563e-05,-13.9057
,,,2.273563e-05,-13.7058
,,,2.274563e-05,-13.8057
,,,2.275563e-05,-13.306
,,,2.276563e-05,-14.4054
,,,2.277563e-05,-13.206
,,,2.278563e-05,-14.3055
,,,2.279563e-05,-13.7058
,,,2.280563e-05,-13.8057
,,,2.281563e-05,-13.7058
,,,2.282563e-05,-14.3055
,,,2.283563e-05,-13.9057
,,,2.284563e-05,-14.3055
,,,2.285563e-05,-13.7058
,,,2.286563e-05,-13.7058
,,,2.287563e-05,-13.6058
,,,2.288563e-05,-14.3055
,,,2.289563e-05,-13.8057
,,,2.290563e-05,-14.4054
,,,2.291563e-05,-13.9057
,,,2.292563e-05,-14.5054
,,,2.293563e-05,-14.2055
,,,2.294563e-05,-14.4054
,,,2.295563e-05,-14.1056
,,,2.296563e-05,-14.5054
,,,2.297563e-05,-14.3055
,,,2.298563e-05,-14.7053
,,,2.299563e-05,-14.2055
,,,2.300563e-05,-15.0051
,,,2.301563e-05,-14.3055
,,,2.302563e-05,-15.1051
,,,2.303563e-05,-14.3055
,,,2.304563e-05,-14.7053
,,,2.305563e-05,-14.5054
,,,2.306563e-05,-14.9052
,,,2.307563e-05,-14.5054
,,,2.308563e-05,-15.305
,,,2.309563e-05,-14.1056
,,,2.310563e-05,-15.0051
,,,2.311563e-05,-14.7053
,,,2.312563e-05,-15.205
,,,2.313563e-05,-14.4054
,,,2.314563e-05,-15.4049
,,,2.315563e-05,-14.5054
,,,2.316563e-05,-15.4049
,,,2.317563e-05,-14.9052
,,,2.318563e-05,-14.9052
,,,2.319563e-05,-14.9052
,,,2.320563e-05,-15.6048
,,,2.321563e-05,-15.0051
,,,2.322563e-05,-15.8047
,,,2.323563e-05,-15.5049
,,,2.324563e-05,-15.6048
,,,2.325563e-05,-15.305
,,,2.326563e-05,-15.5049
,,,2.327563e-05,-15.1051
,,,2.328563e-05,-15.5049
,,,2.329563e-05,-15.305
,,,2.330563e-05,-15.1051
,,,2.331563e-05,-14.8052
,,,2.332563e-05,-15.4049
,,,2.333563e-05,-14.3055
,,,2.334563e-05,-15.0051
,,,2.335563e-05,-15.305
,,,2.336563e-05,-16.7043
,,,2.337563e-05,-18.3035
,,,2.338563e-05,-17.6039
,,,2.339563e-05,-17.8038
,,,2.340563e-05,-19.7028
,,,2.341563e-05,-17.8038
,,,2.342563e-05,-16.1046
,,,2.343563e-05,-13.206
,,,2.344563e-05,-12.4939
,,,2.345563e-05,-12.4939
,,,2.346563e-05,-15.1051
,,,2.347563e-05,-15.7048
,,,2.348563e-05,-16.8043
,,,2.349563e-05,-15.6048
,,,2.350563e-05,-15.8047
,,,2.351563e-05,-16.3045
,,,2.352563e-05,-17.5039
,,,2.353563e-05,-17.2041
,,,2.354563e-05,-16.7043
,,,2.355563e-05,-14.7053
,,,2.356563e-05,-15.305
,,,2.357563e-05,-15.8047
,,,2.358563e-05,-16.6044
,,,2.359563e-05,-16.6044
,,,2.360563e-05,-15.8047
,,,2.361563e-05,-14.4054
,,,2.362563e-05,-15.7048
,,,2.363563e-05,-17.1041
,,,2.364563e-05,-18.5034
,,,2.365563e-05,-17.304
,,,2.366563e-05,-15.8047
,,,2.367563e-05,-15.6048
,,,2.368563e-05,-17.6039
,,,2.369563e-05,-18.8033
,,,2.370563e-05,-18.4035
,,,2.371563e-05,-16.9042
,,,2.372563e-05,-16.0047
,,,2.373563e-05,-16.3045
,,,2.374563e-05,-18.0037
,,,2.375563e-05,-17.7038
,,,2.376563e-05,-17.0042
,,,2.377563e-05,-15.4049
,,,2.378563e-05,-15.6048
,,,2.379563e-05,-17.0042
,,,2.380563e-05,-18.5034
,,,2.381563e-05,-17.2041
,,,2.382563e-05,-16.5044
,,,2.383563e-05,-16.7043
,,,2.384563e-05,-18.6034
,,,2.385563e-05,-18.6034
,,,2.386563e-05,-18.1036
,,,2.387563e-05,-16.6044
,,,2.388563e-05,-17.6039
,,,2.389563e-05,-18.2036
,,,2.390563e-05,-19.303
,,,2.391563e-05,-18.5034
,,,2.392563e-05,-18.1036
,,,2.393563e-05,-17.7038
,,,2.394563e-05,-18.3035
,,,2.395563e-05,-19.303
,,,2.396563e-05,-18.5034
,,,2.397563e-05,-17.1041
,,,2.398563e-05,-17.6039
,,,2.399563e-05,-18.1036
,,,2.400563e-05,-19.5029
,,,2.401563e-05,-19.1031
,,,2.402563e-05,-18.6034
,,,2.403563e-05,-17.9037
,,,2.404563e-05,-19.0032
,,,2.405563e-05,-19.303
,,,2.406563e-05,-20.0027
,,,2.407563e-05,-19.403
,,,2.408563e-05,-18.9032
,,,2.409563e-05,-19.303
,,,2.410563e-05,-19.6029
,,,2.411563e-05,-20.4025
,,,2.412563e-05,-19.9027
,,,2.413563e-05,-19.7028
,,,2.414563e-05,-20.1026
,,,2.415563e-05,-20.0027
,,,2.416563e-05,-20.9022
,,,2.417563e-05,-20.4025
,,,2.418563e-05,-20.4025
,,,2.419563e-05,-20.1026
,,,2.420563e-05,-21.0022
,,,2.421563e-05,-20.7023
,,,2.422563e-05,-21.402
,,,2.423563e-05,-21.0022
,,,2.424563e-05,-20.5024
,,,2.425563e-05,-21.0022
,,,2.426563e-05,-21.3021
,,,2.427563e-05,-21.1022
,,,2.428563e-05,-20.6024
,,,2.429563e-05,-19.8028
,,,2.430563e-05,-21.1022
,,,2.431563e-05,-21.0022
,,,2.432563e-05,-21.8018
,,,2.433563e-05,-21.502
,,,2.434563e-05,-21.502
,,,2.435563e-05,-21.8018
,,,2.436563e-05,-22.5015
,,,2.437563e-05,-21.9018
,,,2.438563e-05,-22.1017
,,,2.439563e-05,-21.8018
,,,2.440563e-05,-22.4015
,,,2.441563e-05,-22.0017
,,,2.442563e-05,-22.7014
,,,2.443563e-05,-22.1017
,,,2.444563e-05,-22.4015
,,,2.445563e-05,-22.0017
,,,2.446563e-05,-22.5015
,,,2.447563e-05,-22.5015
,,,2.448563e-05,-23.0012
,,,2.449563e-05,-22.3016
,,,2.450563e-05,-22.9013
,,,2.451563e-05,-22.6014
,,,2.452563e-05,-23.3011
,,,2.453563e-05,-23.2011
,,,2.454563e-05,-23.3011
,,,2.455563e-05,-22.9013
,,,2.456563e-05,-23.501
,,,2.457563e-05,-22.8013
,,,2.458563e-05,-24.3006
,,,2.459563e-05,-23.6009
,,,2.460563e-05,-24.0007
,,,2.461563e-05,-23.6009
,,,2.462563e-05,-24.2006
,,,2.463563e-05,-23.9008
,,,2.464563e-05,-24.4005
,,,2.465563e-05,-24.3006
,,,2.466563e-05,-24.3006
,,,2.467563e-05,-24.5005
,,,2.468563e-05,-25.0002
,,,2.469563e-05,-24.2006
,,,2.470563e-05,-25.1002
,,,2.471563e-05,-24.7004
,,,2.472563e-05,-25.2001
,,,2.473563e-05,-24.8003
,,,2.474563e-05,-25.2001
,,,2.475563e-05,-25.3001
,,,2.476563e-05,-25.5
,,,2.477563e-05,-24.5005
,,,2.478563e-05,-25.6999
,,,2.479563e-05,-25.2001
,,,2.480563e-05,-25.5999
,,,2.481563e-05,-25.2001
,,,2.482563e-05,-26.5995
,,,2.483563e-05,-26.3996
,,,2.484563e-05,-26.2996
,,,2.485563e-05,-25.9997
,,,2.486563e-05,-26.6994
,,,2.487563e-05,-26.3996
,,,2.488563e-05,-26.9993
,,,2.489563e-05,-25.9997
,,,2.490563e-05,-27.0992
,,,2.491563e-05,-26.8993
,,,2.492563e-05,-27.0992
,,,2.493563e-05,-26.6994
,,,2.494563e-05,-27.7989
,,,2.495563e-05,-26.9993
,,,2.496563e-05,-27.6989
,,,2.497563e-05,-26.8993
,,,2.498563e-05,-28.1987
,,,2.499563e-05,-27.499
,,,2.500563e-05,-27.9988
,,,2.501563e-05,-27.2991
,,,2.502563e-05,-27.8988
,,,2.503563e-05,-27.9988
,,,2.504563e-05,-27.9988
,,,2.505563e-05,-27.8988
,,,2.506563e-05,-28.6984
,,,2.507563e-05,-28.5985
,,,2.508563e-05,-29.0982
,,,2.509563e-05,-28.3986
,,,2.510563e-05,-29.0982
,,,2.511563e-05,-28.7984
,,,2.512563e-05,-29.3981
,,,2.513563e-05,-28.9983
,,,2.514563e-05,-29.6979
,,,2.515563e-05,-29.2981
,,,2.516563e-05,-29.9978
,,,2.517563e-05,-29.1982
,,,2.518563e-05,-29.9978
,,,2.519563e-05,-29.6979
,,,2.520563e-05,-29.9978
,,,2.521563e-05,-29.598
,,,2.522563e-05,-29.9978
,,,2.523563e-05,-30.0977
,,,2.524563e-05,-29.9978
,,,2.525563e-05,-29.7979
,,,2.526563e-05,-30.3976
,,,2.527563e-05,-30.1977
,,,2.528563e-05,-30.5975
,,,2.529563e-05,-30.3976
,,,2.530563e-05,-31.0972
,,,2.531563e-05,-31.0972
,,,2.532563e-05,-31.0972
,,,2.533563e-05,-30.5975
,,,2.534563e-05,-31.2972
,,,2.535563e-05,-30.9973
,,,2.536563e-05,-31.2972
,,,2.537563e-05,-30.5975
,,,2.538563e-05,-31.597
,,,2.539563e-05,-31.0972
,,,2.540563e-05,-31.4971
,,,2.541563e-05,-31.4971
,,,2.542563e-05,-32.0968
,,,2.543563e-05,-31.9968
,,,2.544563e-05,-31.8969
,,,2.545563e-05,-31.8969
,,,2.546563e-05,-32.5965
,,,2.547563e-05,-32.4966
,,,2.548563e-05,-32.3966
,,,2.549563e-05,-32.0968
,,,2.550563e-05,-33.0963
,,,2.551563e-05,-32.9963
,,,2.552563e-05,-32.9963
,,,2.553563e-05,-31.9968
,,,2.554563e-05,-32.8964
,,,2.555563e-05,-33.0963
,,,2.556563e-05,-33.4961
,,,2.557563e-05,-32.7964
,,,2.558563e-05,-33.696
,,,2.559563e-05,-33.596
,,,2.560563e-05,-34.0958
,,,2.561563e-05,-33.4961
,,,2.562563e-05,-34.2957
,,,2.563563e-05,-33.596
,,,2.564563e-05,-33.8959
,,,2.565563e-05,-33.7959
,,,2.566563e-05,-34.3956
,,,2.567563e-05,-34.3956
,,,2.568563e-05,-34.3956
,,,2.569563e-05,-34.1957
,,,2.570563e-05,-34.9953
,,,2.571563e-05,-34.8954
,,,2.572563e-05,-35.2952
,,,2.573563e-05,-34.5955
,,,2.574563e-05,-35.695
,,,2.575563e-05,-35.2952
,,,2.576563e-05,-35.1952
,,,2.577563e-05,-35.0953
,,,2.578563e-05,-35.595
,,,2.579563e-05,-35.4951
,,,2.580563e-05,-35.695
,,,2.581563e-05,-35.4951
,,,2.582563e-05,-35.7949
,,,2.583563e-05,-36.1947
,,,2.584563e-05,-36.1947
,,,2.585563e-05,-35.595
,,,2.586563e-05,-36.2947
,,,2.587563e-05,-36.0948
,,,2.588563e-05,-36.1947
,,,2.589563e-05,-35.9948
,,,2.590563e-05,-36.5946
,,,2.591563e-05,-36.7945
,,,2.592563e-05,-36.7945
,,,2.593563e-05,-36.4946
,,,2.594563e-05,-37.4941
,,,2.595563e-05,-36.8944
,,,2.596563e-05,-36.9944
,,,2.597563e-05,-36.7945
,,,2.598563e-05,-37.794
,,,2.599563e-05,-37.5941
,,,2.600563e-05,-37.4941
,,,2.601563e-05,-37.1943
,,,2.602563e-05,-37.8939
,,,2.603563e-05,-37.3942
,,,2.604563e-05,-37.8939
,,,2.605563e-05,-37.5941
,,,2.606563e-05,-38.5061
,,,2.607563e-05,-38.3062
,,,2.608563e-05,-38.5061
,,,2.609563e-05,-37.9939
,,,2.610563e-05,-39.2058
,,,2.611563e-05,-38.4062
,,,2.612563e-05,-38.9059
,,,2.613563e-05,-38.706
,,,2.614563e-05,-39.2058
,,,2.615563e-05,-38.9059
,,,2.616563e-05,-38.9059
,,,2.617563e-05,-38.706
,,,2.618563e-05,-39.6056
,,,2.619563e-05,-39.5056
,,,2.620563e-05,-39.3057
,,,2.621563e-05,-39.1058
,,,2.622563e-05,-40.1053
,,,2.623563e-05,-39.4057
,,,2.624563e-05,-39.8055
,,,2.625563e-05,-39.2058
,,,2.626563e-05,-39.9054
,,,2.627563e-05,-39.5056
,,,2.628563e-05,-40.2053
,,,2.629563e-05,-39.7055
,,,2.630563e-05,-40.3052
,,,2.631563e-05,-40.4052
,,,2.632563e-05,-40.4052
,,,2.633563e-05,-40.3052
,,,2.634563e-05,-40.705
,,,2.635563e-05,-40.5051
,,,2.636563e-05,-40.9049
,,,2.637563e-05,-40.805
,,,2.638563e-05,-41.1048
,,,2.639563e-05,-40.6051
,,,2.640563e-05,-41.3047
,,,2.641563e-05,-40.6051
,,,2.642563e-05,-41.4047
,,,2.643563e-05,-41.3047
,,,2.644563e-05,-41.7045
,,,2.645563e-05,-41.2048
,,,2.646563e-05,-41.8045
,,,2.647563e-05,-40.805
,,,2.648563e-05,-42.0044
,,,2.649563e-05,-41.3047
,,,2.650563e-05,-41.7045
,,,2.651563e-05,-42.0044
,,,2.652563e-05,-42.4042
,,,2.653563e-05,-41.7045
,,,2.654563e-05,-42.0044
,,,2.655563e-05,-42.3043
,,,2.656563e-05,-42.1044
,,,2.657563e-05,-41.6046
,,,2.658563e-05,-42.804
,,,2.659563e-05,-42.4042
,,,2.660563e-05,-42.4042
,,,2.661563e-05,-42.3043
,,,2.662563e-05,-43.2038
,,,2.663563e-05,-42.904
,,,2.664563e-05,-43.1039
,,,2.665563e-05,-42.7041
,,,2.666563e-05,-43.5037
,,,2.667563e-05,-43.1039
,,,2.668563e-05,-43.2038
,,,2.669563e-05,-43.2038
,,,2.670563e-05,-43.6036
,,,2.671563e-05,-43.3038
,,,2.672563e-05,-44.0034
,,,2.673563e-05,-43.6036
,,,2.674563e-05,-44.4032
,,,2.675563e-05,-43.8035
,,,2.676563e-05,-44.4032
,,,2.677563e-05,-43.6036
,,,2.678563e-05,-44.3033
,,,2.679563e-05,-44.6031
,,,2.680563e-05,-44.6031
,,,2.681563e-05,-44.1034
,,,2.682563e-05,-45.0029
,,,2.683563e-05,-45.0029
,,,2.684563e-05,-45.1029
,,,2.685563e-05,-44.0034
,,,2.686563e-05,-45.2028
,,,2.687563e-05,-44.803
,,,2.688563e-05,-45.2028
,,,2.689563e-05,-44.6031
,,,2.690563e-05,-45.8025
,,,2.691563e-05,-45.7026
,,,2.692563e-05,-45.7026
,,,2.693563e-05,-45.2028
,,,2.694563e-05,-45.5027
,,,2.695563e-05,-45.6026
,,,2.696563e-05,-45.6026
,,,2.697563e-05,-45.1029
,,,2.698563e-05,-46.0024
,,,2.699563e-05,-45.7026
,,,2.700563e-05,-45.9025
,,,2.701563e-05,-45.7026
,,,2.702563e-05,-46.6021
,,,2.703563e-05,-46.2023
,,,2.704563e-05,-46.4022
,,,2.705563e-05,-46.0024
,,,2.706563e-05,-46.902
,,,2.707563e-05,-46.902
,,,2.708563e-05,-47.1019
,,,2.709563e-05,-46.1024
,,,2.710563e-05,-46.7021
,,,2.711563e-05,-46.902
,,,2.712563e-05,-47.1019
,,,2.713563e-05,-46.5022
,,,2.714563e-05,-47.3018
,,,2.715563e-05,-46.902
,,,2.716563e-05,-46.802
,,,2.717563e-05,-46.902
,,,2.718563e-05,-47.8016
,,,2.719563e-05,-47.6017
,,,2.720563e-05,-48.0015
,,,2.721563e-05,-47.4018
,,,2.722563e-05,-48.1014
,,,2.723563e-05,-47.3018
,,,2.724563e-05,-48.2014
,,,2.725563e-05,-47.8016
,,,2.726563e-05,-48.3013
,,,2.727563e-05,-48.2014
,,,2.728563e-05,-48.7011
,,,2.729563e-05,-48.0015
,,,2.730563e-05,-48.3013
,,,2.731563e-05,-48.7011
,,,2.732563e-05,-49.2009
,,,2.733563e-05,-48.0015
,,,2.734563e-05,-48.901
,,,2.735563e-05,-48.8011
,,,2.736563e-05,-49.2009
,,,2.737563e-05,-48.3013
,,,2.738563e-05,-49.2009
,,,2.739563e-05,-49.1009
,,,2.740563e-05,-49.2009
,,,2.741563e-05,-48.901
,,,2.742563e-05,-49.5007
,,,2.743563e-05,-49.3008
,,,2.744563e-05,-50.1004
,,,2.745563e-05,-48.901
,,,2.746563e-05,-49.8006
,,,2.747563e-05,-49.6007
,,,2.748563e-05,-49.8006
,,,2.749563e-05,-49.4008
,,,2.750563e-05,-49.6007
,,,2.751563e-05,-49.7006
,,,2.752563e-05,-50.5002
,,,2.753563e-05,-49.3008
,,,2.754563e-05,-50.3003
,,,2.755563e-05,-50.2004
,,,2.756563e-05,-50.7001
,,,2.757563e-05,-50.2004
,,,2.758563e-05,-50.7001
,,,2.759563e-05,-50.8001
,,,2.760563e-05,-50.5002
,,,2.761563e-05,-50.7001
,,,2.762563e-05,-51.1999
,,,2.763563e-05,-50.7001
,,,2.764563e-05,-51.0999
,,,2.765563e-05,-50.7001
,,,2.766563e-05,-51
,,,2.767563e-05,-50.7001
,,,2.768563e-05,-51.2998
,,,2.769563e-05,-50.7001
,,,2.770563e-05,-51.5997
,,,2.771563e-05,-51.3998
,,,2.772563e-05,-51.2998
,,,2.773563e-05,-51.0999
,,,2.774563e-05,-51.4997
,,,2.775563e-05,-51.6996
,,,2.776563e-05,-51.7996
,,,2.777563e-05,-51.4997
,,,2.778563e-05,-51.5997
,,,2.779563e-05,-51.8995
,,,2.780563e-05,-52.2994
,,,2.781563e-05,-51.8995
,,,2.782563e-05,-52.2994
,,,2.783563e-05,-52.4993
,,,2.784563e-05,-52.4993
,,,2.785563e-05,-52.2994
,,,2.786563e-05,-52.4993
,,,2.787563e-05,-52.4993
,,,2.788563e-05,-52.2994
,,,2.789563e-05,-52.1994
,,,2.790563e-05,-52.5992
,,,2.791563e-05,-52.7991
,,,2.792563e-05,-53.2989
,,,2.793563e-05,-52.5992
,,,2.794563e-05,-52.7991
,,,2.795563e-05,-52.999
,,,2.796563e-05,-53.099
,,,2.797563e-05,-52.6992
,,,2.798563e-05,-53.3988
,,,2.799563e-05,-53.1989
,,,2.800563e-05,-52.999
,,,2.801563e-05,-52.6992
,,,2.802563e-05,-52.8991
,,,2.803563e-05,-53.099
,,,2.804563e-05,-53.4988
,,,2.805563e-05,-53.4988
,,,2.806563e-05,-53.4988
,,,2.807563e-05,-53.7986
,,,2.808563e-05,-53.8986
,,,2.809563e-05,-53.5987
,,,2.810563e-05,-53.6987
,,,2.811563e-05,-53.9985
,,,2.812563e-05,-54.3983
,,,2.813563e-05,-53.6987
,,,2.814563e-05,-54.5982
,,,2.815563e-05,-54.0985
,,,2.816563e-05,-54.0985
,,,2.817563e-05,-54.1984
,,,2.818563e-05,-54.3983
,,,2.819563e-05,-54.1984
,,,2.820563e-05,-54.2984
,,,2.821563e-05,-54.7981
,,,2.822563e-05,-54.5982
,,,2.823563e-05,-54.5982
,,,2.824563e-05,-54.6982
,,,2.825563e-05,-54.5982
,,,2.826563e-05,-54.6982
,,,2.827563e-05,-54.5982
,,,2.828563e-05,-54.8981
,,,2.829563e-05,-54.7981
,,,2.830563e-05,-55.2979
,,,2.831563e-05,-55.1979
,,,2.832563e-05,-55.2979
,,,2.833563e-05,-54.8981
,,,2.834563e-05,-55.6977
,,,2.835563e-05,-55.3978
,,,2.836563e-05,-55.8976
,,,2.837563e-05,-55.098
,,,2.838563e-05,-55.4978
,,,2.839563e-05,-55.098
,,,2.840563e-05,-55.4978
,,,2.841563e-05,-55.4978
,,,2.842563e-05,-55.8976
,,,2.843563e-05,-55.2979
,,,2.844563e-05,-55.7976
,,,2.845563e-05,-55.2979
,,,2.846563e-05,-55.8976
,,,2.847563e-05,-55.6977
,,,2.848563e-05,-56.2974
,,,2.849563e-05,-55.4978
,,,2.850563e-05,-56.4973
,,,2.851563e-05,-56.0975
,,,2.852563e-05,-56.5972
,,,2.853563e-05,-56.1974
,,,2.854563e-05,-56.4973
,,,2.855563e-05,-56.0975
,,,2.856563e-05,-56.6972
,,,2.857563e-05,-56.2974
,,,2.858563e-05,-56.7971
,,,2.859563e-05,-56.4973
,,,2.860563e-05,-56.997
,,,2.861563e-05,-56.2974
,,,2.862563e-05,-56.997
,,,2.863563e-05,-56.4973
,,,2.864563e-05,-56.8971
,,,2.865563e-05,-56.6972
,,,2.866563e-05,-57.097
,,,2.867563e-05,-56.997
,,,2.868563e-05,-57.1969
,,,2.869563e-05,-56.6972
,,,2.870563e-05,-57.4968
,,,2.871563e-05,-57.1969
,,,2.872563e-05,-57.3969
,,,2.873563e-05,-57.2969
,,,2.874563e-05,-57.5968
,,,2.875563e-05,-57.1969
,,,2.876563e-05,-57.8966
,,,2.877563e-05,-56.7971
,,,2.878563e-05,-57.4968
,,,2.879563e-05,-57.4968
,,,2.880563e-05,-58.0965
,,,2.881563e-05,-57.3969
,,,2.882563e-05,-57.7967
,,,2.883563e-05,-57.6967
,,,2.884563e-05,-57.8966
,,,2.885563e-05,-57.1969
,,,2.886563e-05,-58.0965
,,,2.887563e-05,-57.8966
,,,2.888563e-05,-58.1965
,,,2.889563e-05,-57.7967
,,,2.890563e-05,-58.1965
,,,2.891563e-05,-58.1965
,,,2.892563e-05,-58.4963
,,,2.893563e-05,-58.0965
,,,2.894563e-05,-58.5963
,,,2.895563e-05,-57.9966
,,,2.896563e-05,-58.4963
,,,2.897563e-05,-58.0965
,,,2.898563e-05,-59.096
,,,2.899563e-05,-58.2964
,,,2.900563e-05,-58.9961
,,,2.901563e-05,-58.0965
,,,2.902563e-05,-59.096
,,,2.903563e-05,-58.4963
,,,2.904563e-05,-59.3959
,,,2.905563e-05,-58.6962
,,,2.906563e-05,-59.2959
,,,2.907563e-05,-58.9961
,,,2.908563e-05,-59.096
,,,2.909563e-05,-58.6962
,,,2.910563e-05,-59.3959
,,,2.911563e-05,-59.096
,,,2.912563e-05,-59.2959
,,,2.913563e-05,-58.7962
,,,2.914563e-05,-59.6957
,,,2.915563e-05,-58.9961
,,,2.916563e-05,-59.2959
,,,2.917563e-05,-58.8961
,,,2.918563e-05,-59.2959
,,,2.919563e-05,-58.9961
,,,2.920563e-05,-59.4958
,,,2.921563e-05,-59.096
,,,2.922563e-05,-59.9956
,,,2.923563e-05,-59.3959
,,,2.924563e-05,-59.7957
,,,2.925563e-05,-59.196
,,,2.926563e-05,-59.7957
,,,2.927563e-05,-59.7957
,,,2.928563e-05,-59.8956
,,,2.929563e-05,-59.3959
,,,2.930563e-05,-60.1955
,,,2.931563e-05,-59.8956
,,,2.932563e-05,-59.8956
,,,2.933563e-05,-59.5958
,,,2.934563e-05,-60.4953
,,,2.935563e-05,-60.1955
,,,2.936563e-05,-60.1955
,,,2.937563e-05,-59.7957
,,,2.938563e-05,-60.5953
,,,2.939563e-05,-60.2954
,,,2.940563e-05,-60.4953
,,,2.941563e-05,-60.0955
,,,2.942563e-05,-60.5953
,,,2.943563e-05,-59.6957
,,,2.944563e-05,-60.0955
,,,2.945563e-05,-59.9956
,,,2.946563e-05,-60.6952
,,,2.947563e-05,-60.4953
,,,2.948563e-05,-60.6952
,,,2.949563e-05,-60.3954
,,,2.950563e-05,-60.7952
,,,2.951563e-05,-60.6952
,,,2.952563e-05,-60.6952
,,,2.953563e-05,-60.0955
,,,2.954563e-05,-60.7952
,,,2.955563e-05,-60.5953
,,,2.956563e-05,-61.095
,,,2.957563e-05,-60.1955
,,,2.958563e-05,-61.095
,,,2.959563e-05,-60.0955
,,,2.960563e-05,-60.8951
,,,2.961563e-05,-60.2954
,,,2.962563e-05,-60.9951
,,,2.963563e-05,-60.9951
,,,2.964563e-05,-61.2949
,,,2.965563e-05,-60.6952
,,,2.966563e-05,-61.3949
,,,2.967563e-05,-60.8951
,,,2.968563e-05,-61.195
,,,2.969563e-05,-60.5953
,,,2.970563e-05,-61.195
,,,2.971563e-05,-61.095
,,,2.972563e-05,-61.4948
,,,2.973563e-05,-60.9951
,,,2.974563e-05,-61.095
,,,2.975563e-05,-60.9951
,,,2.976563e-05,-61.9946
,,,2.977563e-05,-60.9951
,,,2.978563e-05,-61.4948
,,,2.979563e-05,-60.8951
,,,2.980563e-05,-61.4948
,,,2.981563e-05,-61.095
,,,2.982563e-05,-61.9946
,,,2.983563e-05,-61.4948
,,,2.984563e-05,-61.9946
,,,2.985563e-05,-60.9951
,,,2.986563e-05,-61.6947
,,,2.987563e-05,-61.2949
,,,2.988563e-05,-61.7947
,,,2.989563e-05,-61.195
,,,2.990563e-05,-61.9946
,,,2.991563e-05,-61.4948
,,,2.992563e-05,-61.8946
,,,2.993563e-05,-61.3949
,,,2.994563e-05,-62.1945
,,,2.995563e-05,-61.5948
,,,2.996563e-05,-62.0945
,,,2.997563e-05,-61.6947
,,,2.998563e-05,-61.9946
,,,2.999563e-05,-62.0945
,,,3.000563e-05,-61.8946
,,,3.001563e-05,-61.4948
,,,3.002563e-05,-62.1945
,,,3.003563e-05,-61.6947
,,,3.004563e-05,-62.1945
,,,3.005563e-05,-61.7947
,,,3.006563e-05,-62.2944
,,,3.007563e-05,-61.9946
,,,3.008563e-05,-62.6943
,,,3.009563e-05,-62.1945
,,,3.010563e-05,-62.4944
,,,3.011563e-05,-62.3944
,,,3.012563e-05,-62.6943
,,,3.013563e-05,-61.6947
,,,3.014563e-05,-62.4944
,,,3.015563e-05,-62.4944
,,,3.016563e-05,-62.4944
,,,3.017563e-05,-61.9946
,,,3.018563e-05,-62.6943
,,,3.019563e-05,-62.2944
,,,3.020563e-05,-62.4944
,,,3.021563e-05,-62.2944
,,,3.022563e-05,-62.7942
,,,3.023563e-05,-62.0945
,,,3.024563e-05,-62.2944
,,,3.025563e-05,-61.6947
,,,3.026563e-05,-62.6943
,,,3.027563e-05,-62.3944
,,,3.028563e-05,-62.5943
,,,3.029563e-05,-62.2944
,,,3.030563e-05,-62.7942
,,,3.031563e-05,-62.2944
,,,3.032563e-05,-62.6943
,,,3.033563e-05,-62.2944
,,,3.034563e-05,-62.6943
,,,3.035563e-05,-62.7942
,,,3.036563e-05,-62.6943
,,,3.037563e-05,-62.2944
,,,3.038563e-05,-62.8942
,,,3.039563e-05,-62.9941
,,,3.040563e-05,-62.8942
,,,3.041563e-05,-62.3944
,,,3.042563e-05,-62.8942
,,,3.043563e-05,-62.7942
,,,3.044563e-05,-63.0941
,,,3.045563e-05,-62.0945
,,,3.046563e-05,-63.194
,,,3.047563e-05,-62.9941
,,,3.048563e-05,-62.8942
,,,3.049563e-05,-62.5943
,,,3.050563e-05,-62.7942
,,,3.051563e-05,-62.9941
,,,3.052563e-05,-62.7942
,,,3.053563e-05,-62.6943
,,,3.054563e-05,-62.7942
,,,3.055563e-05,-62.8942
,,,3.056563e-05,-63.0941
,,,3.057563e-05,-62.6943
,,,3.058563e-05,-63.3939
,,,3.059563e-05,-62.9941
,,,3.060563e-05,-63.294
,,,3.061563e-05,-62.5943
,,,3.062563e-05,-63.0941
,,,3.063563e-05,-62.7942
,,,3.064563e-05,-63.4939
,,,3.065563e-05,-62.7942
,,,3.066563e-05,-63.3939
,,,3.067563e-05,-62.8942
,,,3.068563e-05,-63.4939
,,,3.069563e-05,-62.8942
,,,3.070563e-05,-63.6938
,,,3.071563e-05,-63.0941
,,,3.072563e-05,-63.3939
,,,3.073563e-05,-62.9941
,,,3.074563e-05,-63.6938
,,,3.075563e-05,-62.7942
,,,3.076563e-05,-63.0941
,,,3.077563e-05,-63.0941
,,,3.078563e-05,-63.294
,,,3.079563e-05,-62.9941
,,,3.080563e-05,-63.294
,,,3.081563e-05,-63.0941
,,,3.082563e-05,-63.8062
,,,3.083563e-05,-62.9941
,,,3.084563e-05,-63.3939
,,,3.085563e-05,-62.9941
,,,3.086563e-05,-63.8062
,,,3.087563e-05,-63.294
,,,3.088563e-05,-63.3939
,,,3.089563e-05,-63.294
,,,3.090563e-05,-63.4939
,,,3.091563e-05,-63.294
,,,3.092563e-05,-63.4939
,,,3.093563e-05,-63.194
,,,3.094563e-05,-63.5938
,,,3.095563e-05,-63.5938
,,,3.096563e-05,-63.5938
,,,3.097563e-05,-63.0941
,,,3.098563e-05,-63.5938
,,,3.099563e-05,-62.8942
,,,3.100563e-05,-63.4939
,,,3.101563e-05,-63.0941
,,,3.102563e-05,-63.8062
,,,3.103563e-05,-63.3939
,,,3.104563e-05,-63.3939
,,,3.105563e-05,-63.294
,,,3.106563e-05,-63.6938
,,,3.107563e-05,-63.294
,,,3.108563e-05,-63.3939
,,,3.109563e-05,-63.0941
,,,3.110563e-05,-63.8062
,,,3.111563e-05,-63.294
,,,3.112563e-05,-63.5938
,,,3.113563e-05,-62.9941
,,,3.114563e-05,-63.9062
,,,3.115563e-05,-63.294
,,,3.116563e-05,-63.5938
,,,3.117563e-05,-62.7942
,,,3.118563e-05,-63.8062
,,,3.119563e-05,-63.4939
,,,3.120563e-05,-64.0061
,,,3.121563e-05,-63.0941
,,,3.122563e-05,-63.9062
,,,3.123563e-05,-63.0941
,,,3.124563e-05,-64.0061
,,,3.125563e-05,-63.294
,,,3.126563e-05,-64.1061
,,,3.127563e-05,-63.4939
,,,3.128563e-05,-63.9062
,,,3.129563e-05,-62.8942
,,,3.130563e-05,-63.8062
,,,3.131563e-05,-63.294
,,,3.132563e-05,-63.9062
,,,3.133563e-05,-63.3939
,,,3.134563e-05,-64.0061
,,,3.135563e-05,-63.294
,,,3.136563e-05,-64.0061
,,,3.137563e-05,-63.294
,,,3.138563e-05,-63.3939
,,,3.139563e-05,-63.8062
,,,3.140563e-05,-63.4939
,,,3.141563e-05,-62.9941
,,,3.142563e-05,-64.206
,,,3.143563e-05,-63.194
,,,3.144563e-05,-63.3939
,,,3.145563e-05,-62.9941
,,,3.146563e-05,-63.8062
,,,3.147563e-05,-63.4939
,,,3.148563e-05,-63.294
,,,3.149563e-05,-63.0941
,,,3.150563e-05,-64.1061
,,,3.151563e-05,-63.3939
,,,3.152563e-05,-63.8062
,,,3.153563e-05,-63.294
,,,3.154563e-05,-63.6938
,,,3.155563e-05,-63.3939
,,,3.156563e-05,-63.9062
,,,3.157563e-05,-62.8942
,,,3.158563e-05,-63.5938
,,,3.159563e-05,-63.6938
,,,3.160563e-05,-63.3939
,,,3.161563e-05,-62.8942
,,,3.162563e-05,-63.6938
,,,3.163563e-05,-63.194
,,,3.164563e-05,-63.4939
,,,3.165563e-05,-62.8942
,,,3.166563e-05,-64.1061
,,,3.167563e-05,-63.294
,,,3.168563e-05,-63.5938
,,,3.169563e-05,-63.294
,,,3.170563e-05,-63.5938
,,,3.171563e-05,-63.3939
,,,3.172563e-05,-63.3939
,,,3.173563e-05,-63.0941
,,,3.174563e-05,-64.0061
,,,3.175563e-05,-63.194
,,,3.176563e-05,-63.5938
,,,3.177563e-05,-62.9941
,,,3.178563e-05,-63.6938
,,,3.179563e-05,-62.9941
,,,3.180563e-05,-63.5938
,,,3.181563e-05,-62.8942
,,,3.182563e-05,-63.4939
,,,3.183563e-05,-63.3939
,,,3.184563e-05,-63.5938
,,,3.185563e-05,-62.5943
,,,3.186563e-05,-63.3939
,,,3.187563e-05,-62.9941
,,,3.188563e-05,-63.6938
,,,3.189563e-05,-62.9941
,,,3.190563e-05,-63.5938
,,,3.191563e-05,-62.7942
,,,3.192563e-05,-63.4939
,,,3.193563e-05,-62.9941
,,,3.194563e-05,-63.9062
,,,3.195563e-05,-63.0941
,,,3.196563e-05,-64.0061
,,,3.197563e-05,-62.9941
,,,3.198563e-05,-63.194
,,,3.199563e-05,-63.3939
,,,3.200563e-05,-63.294
,,,3.201563e-05,-62.4944
,,,3.202563e-05,-62.8942
,,,3.203563e-05,-62.8942
,,,3.204563e-05,-63.0941
,,,3.205563e-05,-62.5943
,,,3.206563e-05,-63.294
,,,3.207563e-05,-62.6943
,,,3.208563e-05,-63.0941
,,,3.209563e-05,-62.7942
,,,3.210563e-05,-63.4939
,,,3.211563e-05,-62.9941
,,,3.212563e-05,-63.0941
,,,3.213563e-05,-62.5943
,,,3.214563e-05,-63.194
,,,3.215563e-05,-62.6943
,,,3.216563e-05,-63.294
,,,3.217563e-05,-62.7942
,,,3.218563e-05,-63.3939
,,,3.219563e-05,-63.0941
,,,3.220563e-05,-62.7942
,,,3.221563e-05,-62.0945
,,,3.222563e-05,-62.9941
,,,3.223563e-05,-62.8942
,,,3.224563e-05,-62.8942
,,,3.225563e-05,-62.6943
,,,3.226563e-05,-63.4939
,,,3.227563e-05,-62.7942
,,,3.228563e-05,-62.9941
,,,3.229563e-05,-62.6943
,,,3.230563e-05,-63.194
,,,3.231563e-05,-62.4944
,,,3.232563e-05,-62.7942
,,,3.233563e-05,-61.9946
,,,3.234563e-05,-62.7942
,,,3.235563e-05,-62.6943
,,,3.236563e-05,-62.6943
,,,3.237563e-05,-62.1945
,,,3.238563e-05,-63.0941
,,,3.239563e-05,-62.5943
,,,3.240563e-05,-62.8942
,,,3.241563e-05,-62.0945
,,,3.242563e-05,-62.5943
,,,3.243563e-05,-62.3944
,,,3.244563e-05,-62.6943
,,,3.245563e-05,-62.0945
,,,3.246563e-05,-62.9941
,,,3.247563e-05,-62.2944
,,,3.248563e-05,-62.9941
,,,3.249563e-05,-62.1945
,,,3.250563e-05,-62.8942
,,,3.251563e-05,-61.9946
,,,3.252563e-05,-62.5943
,,,3.253563e-05,-62.1945
,,,3.254563e-05,-62.3944
,,,3.255563e-05,-62.2944
,,,3.256563e-05,-62.4944
,,,3.257563e-05,-61.6947
,,,3.258563e-05,-62.5943
,,,3.259563e-05,-62.1945
,,,3.260563e-05,-62.0945
,,,3.261563e-05,-61.5948
,,,3.262563e-05,-62.6943
,,,3.263563e-05,-62.0945
,,,3.264563e-05,-62.3944
,,,3.265563e-05,-61.8946
,,,3.266563e-05,-61.9946
,,,3.267563e-05,-61.8946
,,,3.268563e-05,-61.9946
,,,3.269563e-05,-61.6947
,,,3.270563e-05,-61.9946
,,,3.271563e-05,-61.5948
,,,3.272563e-05,-62.2944
,,,3.273563e-05,-61.2949
,,,3.274563e-05,-61.9946
,,,3.275563e-05,-62.0945
,,,3.276563e-05,-61.9946
,,,3.277563e-05,-61.5948
,,,3.278563e-05,-61.8946
,,,3.279563e-05,-61.195
,,,3.280563e-05,-62.0945
,,,3.281563e-05,-61.6947
,,,3.282563e-05,-61.6947
,,,3.283563e-05,-61.6947
,,,3.284563e-05,-61.6947
,,,3.285563e-05,-61.3949
,,,3.286563e-05,-61.8946
,,,3.287563e-05,-61.095
,,,3.288563e-05,-61.6947
,,,3.289563e-05,-60.7952
,,,3.290563e-05,-61.5948
,,,3.291563e-05,-61.195
,,,3.292563e-05,-61.4948
,,,3.293563e-05,-61.2949
,,,3.294563e-05,-61.8946
,,,3.295563e-05,-61.195
,,,3.296563e-05,-61.3949
,,,3.297563e-05,-61.2949
,,,3.298563e-05,-61.6947
,,,3.299563e-05,-61.095
,,,3.300563e-05,-61.195
,,,3.301563e-05,-61.3949
,,,3.302563e-05,-61.6947
,,,3.303563e-05,-60.8951
,,,3.304563e-05,-60.8951
,,,3.305563e-05,-60.2954
,,,3.306563e-05,-61.095
,,,3.307563e-05,-60.7952
,,,3.308563e-05,-61.2949
,,,3.309563e-05,-60.4953
,,,3.310563e-05,-61.2949
,,,3.311563e-05,-60.6952
,,,3.312563e-05,-61.5948
,,,3.313563e-05,-60.7952
,,,3.314563e-05,-61.095
,,,3.315563e-05,-60.2954
,,,3.316563e-05,-60.8951
,,,3.317563e-05,-60.2954
,,,3.318563e-05,-61.195
,,,3.319563e-05,-60.5953
,,,3.320563e-05,-60.9951
,,,3.321563e-05,-60.1955
,,,3.322563e-05,-60.5953
,,,3.323563e-05,-60.2954
,,,3.324563e-05,-60.9951
,,,3.325563e-05,-60.2954
,,,3.326563e-05,-60.4953
,,,3.327563e-05,-60.4953
,,,3.328563e-05,-60.6952
,,,3.329563e-05,-59.7957
,,,3.330563e-05,-60.4953
,,,3.331563e-05,-59.7957
,,,3.332563e-05,-60.1955
,,,3.333563e-05,-59.7957
,,,3.334563e-05,-60.3954
,,,3.335563e-05,-60.0955
,,,3.336563e-05,-60.0955
,,,3.337563e-05,-59.9956
,,,3.338563e-05,-59.8956
,,,3.339563e-05,-60.1955
,,,3.340563e-05,-60.3954
,,,3.341563e-05,-59.2959
,,,3.342563e-05,-60.0955
,,,3.343563e-05,-59.8956
,,,3.344563e-05,-60.0955
,,,3.345563e-05,-59.3959
,,,3.346563e-05,-59.4958
,,,3.347563e-05,-59.6957
,,,3.348563e-05,-60.0955
,,,3.349563e-05,-59.096
,,,3.350563e-05,-59.5958
,,,3.351563e-05,-59.4958
,,,3.352563e-05,-59.8956
,,,3.353563e-05,-59.196
,,,3.354563e-05,-59.7957
,,,3.355563e-05,-59.4958
,,,3.356563e-05,-59.8956
,,,3.357563e-05,-59.2959
,,,3.358563e-05,-59.6957
,,,3.359563e-05,-59.3959
,,,3.360563e-05,-59.196
,,,3.361563e-05,-58.9961
,,,3.362563e-05,-59.096
,,,3.363563e-05,-58.5963
,,,3.364563e-05,-59.7957
,,,3.365563e-05,-58.7962
,,,3.366563e-05,-58.9961
,,,3.367563e-05,-58.9961
,,,3.368563e-05,-59.6957
,,,3.369563e-05,-58.4963
,,,3.370563e-05,-58.8961
,,,3.371563e-05,-58.7962
,,,3.372563e-05,-59.096
,,,3.373563e-05,-58.4963
,,,3.374563e-05,-59.096
,,,3.375563e-05,-58.7962
,,,3.376563e-05,-58.6962
,,,3.377563e-05,-58.3964
,,,3.378563e-05,-58.4963
,,,3.379563e-05,-58.4963
,,,3.380563e-05,-58.7962
,,,3.381563e-05,-58.1965
,,,3.382563e-05,-58.5963
,,,3.383563e-05,-58.0965
,,,3.384563e-05,-58.4963
,,,3.385563e-05,-58.4963
,,,3.386563e-05,-58.6962
,,,3.387563e-05,-58.2964
,,,3.388563e-05,-58.2964
,,,3.389563e-05,-58.2964
,,,3.390563e-05,-58.5963
,,,3.391563e-05,-57.5968
,,,3.392563e-05,-58.0965
,,,3.393563e-05,-57.7967
,,,3.394563e-05,-57.8966
,,,3.395563e-05,-57.7967
,,,3.396563e-05,-57.8966
,,,3.397563e-05,-57.4968
,,,3.398563e-05,-58.2964
,,,3.399563e-05,-57.6967
,,,3.400563e-05,-57.7967
,,,3.401563e-05,-57.4968
,,,3.402563e-05,-57.7967
,,,3.403563e-05,-57.097
,,,3.404563e-05,-57.3969
,,,3.405563e-05,-57.1969
,,,3.406563e-05,-57.4968
,,,3.407563e-05,-56.997
,,,3.408563e-05,-57.3969
,,,3.409563e-05,-57.1969
,,,3.410563e-05,-57.6967
,,,3.411563e-05,-57.4968
,,,3.412563e-05,-57.1969
,,,3.413563e-05,-57.097
,,,3.414563e-05,-57.4968
,,,3.415563e-05,-56.997
,,,3.416563e-05,-57.3969
,,,3.417563e-05,-56.5972
,,,3.418563e-05,-57.4968
,,,3.419563e-05,-56.8971
,,,3.420563e-05,-56.997
,,,3.421563e-05,-56.8971
,,,3.422563e-05,-56.7971
,,,3.423563e-05,-56.4973
,,,3.424563e-05,-56.6972
,,,3.425563e-05,-56.6972
,,,3.426563e-05,-56.7971
,,,3.427563e-05,-55.9975
,,,3.428563e-05,-56.3973
,,,3.429563e-05,-56.6972
,,,3.430563e-05,-56.5972
,,,3.431563e-05,-56.0975
,,,3.432563e-05,-56.4973
,,,3.433563e-05,-56.3973
,,,3.434563e-05,-56.6972
,,,3.435563e-05,-56.1974
,,,3.436563e-05,-56.4973
,,,3.437563e-05,-56.2974
,,,3.438563e-05,-56.4973
,,,3.439563e-05,-55.8976
,,,3.440563e-05,-56.1974
,,,3.441563e-05,-55.6977
,,,3.442563e-05,-56.1974
,,,3.443563e-05,-55.7976
,,,3.444563e-05,-56.2974
,,,3.445563e-05,-55.3978
,,,3.446563e-05,-55.5977
,,,3.447563e-05,-55.5977
,,,3.448563e-05,-56.0975
,,,3.449563e-05,-55.3978
,,,3.450563e-05,-56.0975
,,,3.451563e-05,-55.1979
,,,3.452563e-05,-55.7976
,,,3.453563e-05,-54.998
,,,3.454563e-05,-55.8976
,,,3.455563e-05,-55.098
,,,3.456563e-05,-55.1979
,,,3.457563e-05,-55.2979
,,,3.458563e-05,-55.1979
,,,3.459563e-05,-54.6982
,,,3.460563e-05,-54.8981
,,,3.461563e-05,-54.6982
,,,3.462563e-05,-54.8981
,,,3.463563e-05,-54.2984
,,,3.464563e-05,-55.098
,,,3.465563e-05,-54.6982
,,,3.466563e-05,-54.5982
,,,3.467563e-05,-54.4983
,,,3.468563e-05,-55.098
,,,3.469563e-05,-54.5982
,,,3.470563e-05,-54.5982
,,,3.471563e-05,-54.2984
,,,3.472563e-05,-54.7981
,,,3.473563e-05,-54.2984
,,,3.474563e-05,-54.5982
,,,3.475563e-05,-54.2984
,,,3.476563e-05,-54.4983
,,,3.477563e-05,-53.9985
,,,3.478563e-05,-54.4983
,,,3.479563e-05,-54.3983
,,,3.480563e-05,-54.2984
,,,3.481563e-05,-53.4988
,,,3.482563e-05,-53.9985
,,,3.483563e-05,-53.7986
,,,3.484563e-05,-54.3983
,,,3.485563e-05,-53.8986
,,,3.486563e-05,-53.8986
,,,3.487563e-05,-53.8986
,,,3.488563e-05,-53.6987
,,,3.489563e-05,-53.7986
,,,3.490563e-05,-53.4988
,,,3.491563e-05,-53.5987
,,,3.492563e-05,-53.8986
,,,3.493563e-05,-53.099
,,,3.494563e-05,-53.3988
,,,3.495563e-05,-52.8991
,,,3.496563e-05,-53.1989
,,,3.497563e-05,-52.6992
,,,3.498563e-05,-53.099
,,,3.499563e-05,-53.099
,,,3.500563e-05,-53.3988
,,,3.501563e-05,-52.4993
,,,3.502563e-05,-53.099
,,,3.503563e-05,-52.4993
,,,3.504563e-05,-52.6992
,,,3.505563e-05,-52.2994
,,,3.506563e-05,-53.099
,,,3.507563e-05,-52.999
,,,3.508563e-05,-53.099
,,,3.509563e-05,-52.2994
,,,3.510563e-05,-51.8995
,,,3.511563e-05,-52.3993
,,,3.512563e-05,-52.1994
,,,3.513563e-05,-52.0994
,,,3.514563e-05,-52.1994
,,,3.515563e-05,-52.1994
,,,3.516563e-05,-52.6992
,,,3.517563e-05,-51.9995
,,,3.518563e-05,-51.7996
,,,3.519563e-05,-51.7996
,,,3.520563e-05,-52.1994
,,,3.521563e-05,-51.7996
,,,3.522563e-05,-51.6996
,,,3.523563e-05,-51.8995
,,,3.524563e-05,-51.7996
,,,3.525563e-05,-51.3998
,,,3.526563e-05,-51.1999
,,,3.527563e-05,-51.4997
,,,3.528563e-05,-51.6996
,,,3.529563e-05,-51
,,,3.530563e-05,-51.5997
,,,3.531563e-05,-50.9
,,,3.532563e-05,-51.3998
,,,3.533563e-05,-50.8001
,,,3.534563e-05,-50.8001
,,,3.535563e-05,-51.2998
,,,3.536563e-05,-51.1999
,,,3.537563e-05,-50.2004
,,,3.538563e-05,-50.9
,,,3.539563e-05,-50.7001
,,,3.540563e-05,-51.1999
,,,3.541563e-05,-50.4003
,,,3.542563e-05,-50.6002
,,,3.543563e-05,-50.6002
,,,3.544563e-05,-50.9
,,,3.545563e-05,-50.5002
,,,3.546563e-05,-50.9
,,,3.547563e-05,-50.5002
,,,3.548563e-05,-50.1004
,,,3.549563e-05,-50.0005
,,,3.550563e-05,-49.7006
,,,3.551563e-05,-49.8006
,,,3.552563e-05,-50.2004
,,,3.553563e-05,-49.3008
,,,3.554563e-05,-50.0005
,,,3.555563e-05,-49.9005
,,,3.556563e-05,-50.1004
,,,3.557563e-05,-49.8006
,,,3.558563e-05,-49.7006
,,,3.559563e-05,-49.7006
,,,3.560563e-05,-49.5007
,,,3.561563e-05,-48.901
,,,3.562563e-05,-49.3008
,,,3.563563e-05,-49.1009
,,,3.564563e-05,-49.5007
,,,3.565563e-05,-48.7011
,,,3.566563e-05,-49.5007
,,,3.567563e-05,-49.3008
,,,3.568563e-05,-49.4008
,,,3.569563e-05,-48.6012
,,,3.570563e-05,-49.5007
,,,3.571563e-05,-49.1009
,,,3.572563e-05,-49.3008
,,,3.573563e-05,-48.3013
,,,3.574563e-05,-48.7011
,,,3.575563e-05,-48.7011
,,,3.576563e-05,-48.6012
,,,3.577563e-05,-47.9015
,,,3.578563e-05,-48.7011
,,,3.579563e-05,-48.7011
,,,3.580563e-05,-48.3013
,,,3.581563e-05,-48.1014
,,,3.582563e-05,-48.4013
,,,3.583563e-05,-48.3013
,,,3.584563e-05,-48.8011
,,,3.585563e-05,-47.6017
,,,3.586563e-05,-48.0015
,,,3.587563e-05,-48.0015
,,,3.588563e-05,-47.8016
,,,3.589563e-05,-47.3018
,,,3.590563e-05,-47.8016
,,,3.591563e-05,-47.3018
,,,3.592563e-05,-47.7016
,,,3.593563e-05,-47.1019
,,,3.594563e-05,-47.4018
,,,3.595563e-05,-47.3018
,,,3.596563e-05,-47.6017
,,,3.597563e-05,-46.802
,,,3.598563e-05,-47.0019
,,,3.599563e-05,-46.4022
,,,3.600563e-05,-47.0019
,,,3.601563e-05,-46.3023
,,,3.602563e-05,-47.1019
,,,3.603563e-05,-46.902
,,,3.604563e-05,-47.1019
,,,3.605563e-05,-46.5022
,,,3.606563e-05,-46.5022
,,,3.607563e-05,-46.6021
,,,3.608563e-05,-46.1024
,,,3.609563e-05,-45.7026
,,,3.610563e-05,-46.3023
,,,3.611563e-05,-46.3023
,,,3.612563e-05,-46.2023
,,,3.613563e-05,-45.7026
,,,3.614563e-05,-46.2023
,,,3.615563e-05,-46.2023
,,,3.616563e-05,-45.6026
,,,3.617563e-05,-45.4027
,,,3.618563e-05,-46.2023
,,,3.619563e-05,-45.8025
,,,3.620563e-05,-45.9025
,,,3.621563e-05,-44.903
,,,3.622563e-05,-45.7026
,,,3.623563e-05,-45.3028
,,,3.624563e-05,-45.3028
,,,3.625563e-05,-44.903
,,,3.626563e-05,-45.7026
,,,3.627563e-05,-44.7031
,,,3.628563e-05,-44.803
,,,3.629563e-05,-44.803
,,,3.630563e-05,-44.903
,,,3.631563e-05,-44.803
,,,3.632563e-05,-44.803
,,,3.633563e-05,-44.1034
,,,3.634563e-05,-45.2028
,,,3.635563e-05,-44.6031
,,,3.636563e-05,-44.7031
,,,3.637563e-05,-44.0034
,,,3.638563e-05,-44.803
,,,3.639563e-05,-44.3033
,,,3.640563e-05,-44.6031
,,,3.641563e-05,-43.7036
,,,3.642563e-05,-44.4032
,,,3.643563e-05,-44.0034
,,,3.644563e-05,-44.1034
,,,3.645563e-05,-43.6036
,,,3.646563e-05,-44.5032
,,,3.647563e-05,-43.8035
,,,3.648563e-05,-43.7036
,,,3.649563e-05,-43.4037
,,,3.650563e-05,-44.3033
,,,3.651563e-05,-43.6036
,,,3.652563e-05,-43.6036
,,,3.653563e-05,-43.1039
,,,3.654563e-05,-43.9035
,,,3.655563e-05,-43.2038
,,,3.656563e-05,-43.5037
,,,3.657563e-05,-42.804
,,,3.658563e-05,-43.2038
,,,3.659563e-05,-43.3038
,,,3.660563e-05,-42.804
,,,3.661563e-05,-42.5042
,,,3.662563e-05,-42.804
,,,3.663563e-05,-43.5037
,,,3.664563e-05,-42.6041
,,,3.665563e-05,-42.2043
,,,3.666563e-05,-42.7041
,,,3.667563e-05,-42.4042
,,,3.668563e-05,-42.7041
,,,3.669563e-05,-42.3043
,,,3.670563e-05,-42.7041
,,,3.671563e-05,-42.3043
,,,3.672563e-05,-42.3043
,,,3.673563e-05,-41.2048
,,,3.674563e-05,-42.2043
,,,3.675563e-05,-41.9044
,,,3.676563e-05,-42.3043
,,,3.677563e-05,-41.4047
,,,3.678563e-05,-41.6046
,,,3.679563e-05,-41.3047
,,,3.680563e-05,-41.5046
,,,3.681563e-05,-41.0049
,,,3.682563e-05,-41.9044
,,,3.683563e-05,-41.1048
,,,3.684563e-05,-41.3047
,,,3.685563e-05,-41.3047
,,,3.686563e-05,-41.3047
,,,3.687563e-05,-40.705
,,,3.688563e-05,-41.1048
,,,3.689563e-05,-40.5051
,,,3.690563e-05,-41.3047
,,,3.691563e-05,-40.805
,,,3.692563e-05,-41.4047
,,,3.693563e-05,-40.0054
,,,3.694563e-05,-40.5051
,,,3.695563e-05,-40.5051
,,,3.696563e-05,-40.705
,,,3.697563e-05,-40.0054
,,,3.698563e-05,-40.2053
,,,3.699563e-05,-40.0054
,,,3.700563e-05,-40.5051
,,,3.701563e-05,-39.5056
,,,3.702563e-05,-40.0054
,,,3.703563e-05,-39.6056
,,,3.704563e-05,-39.9054
,,,3.705563e-05,-39.5056
,,,3.706563e-05,-39.9054
,,,3.707563e-05,-39.6056
,,,3.708563e-05,-39.7055
,,,3.709563e-05,-39.3057
,,,3.710563e-05,-39.7055
,,,3.711563e-05,-39.4057
,,,3.712563e-05,-39.1058
,,,3.713563e-05,-38.806
,,,3.714563e-05,-39.2058
,,,3.715563e-05,-39.2058
,,,3.716563e-05,-39.1058
,,,3.717563e-05,-38.806
,,,3.718563e-05,-39.4057
,,,3.719563e-05,-39.0059
,,,3.720563e-05,-38.706
,,,3.721563e-05,-37.9939
,,,3.722563e-05,-38.706
,,,3.723563e-05,-38.9059
,,,3.724563e-05,-38.3062
,,,3.725563e-05,-38.3062
,,,3.726563e-05,-38.4062
,,,3.727563e-05,-38.1938
,,,3.728563e-05,-38.0938
,,,3.729563e-05,-37.794
,,,3.730563e-05,-38.4062
,,,3.731563e-05,-37.8939
,,,3.732563e-05,-37.9939
,,,3.733563e-05,-37.694
,,,3.734563e-05,-37.8939
,,,3.735563e-05,-37.794
,,,3.736563e-05,-37.4941
,,,3.737563e-05,-37.1943
,,,3.738563e-05,-37.794
,,,3.739563e-05,-37.1943
,,,3.740563e-05,-36.8944
,,,3.741563e-05,-36.5946
,,,3.742563e-05,-37.694
,,,3.743563e-05,-37.2942
,,,3.744563e-05,-37.0943
,,,3.745563e-05,-36.7945
,,,3.746563e-05,-37.2942
,,,3.747563e-05,-36.5946
,,,3.748563e-05,-36.4946
,,,3.749563e-05,-36.8944
,,,3.750563e-05,-36.8944
,,,3.751563e-05,-36.2947
,,,3.752563e-05,-36.1947
,,,3.753563e-05,-36.1947
,,,3.754563e-05,-36.1947
,,,3.755563e-05,-35.9948
,,,3.756563e-05,-36.2947
,,,3.757563e-05,-35.7949
,,,3.758563e-05,-35.9948
,,,3.759563e-05,-35.7949
,,,3.760563e-05,-35.4951
,,,3.761563e-05,-34.8954
,,,3.762563e-05,-35.695
,,,3.763563e-05,-35.695
,,,3.764563e-05,-35.3951
,,,3.765563e-05,-34.9953
,,,3.766563e-05,-35.695
,,,3.767563e-05,-34.9953
,,,3.768563e-05,-34.9953
,,,3.769563e-05,-34.8954
,,,3.770563e-05,-34.9953
,,,3.771563e-05,-34.6955
,,,3.772563e-05,-34.7954
,,,3.773563e-05,-34.1957
,,,3.774563e-05,-34.4956
,,,3.775563e-05,-34.4956
,,,3.776563e-05,-34.4956
,,,3.777563e-05,-33.7959
,,,3.778563e-05,-34.2957
,,,3.779563e-05,-34.1957
,,,3.780563e-05,-33.8959
,,,3.781563e-05,-33.3961
,,,3.782563e-05,-34.2957
,,,3.783563e-05,-33.9958
,,,3.784563e-05,-34.0958
,,,3.785563e-05,-33.8959
,,,3.786563e-05,-33.8959
,,,3.787563e-05,-33.2962
,,,3.788563e-05,-33.9958
,,,3.789563e-05,-33.596
,,,3.790563e-05,-33.696
,,,3.791563e-05,-33.2962
,,,3.792563e-05,-33.1962
,,,3.793563e-05,-33.0963
,,,3.794563e-05,-33.596
,,,3.795563e-05,-33.0963
,,,3.796563e-05,-33.2962
,,,3.797563e-05,-32.3966
,,,3.798563e-05,-33.0963
,,,3.799563e-05,-32.6965
,,,3.800563e-05,-32.6965
,,,3.801563e-05,-32.1967
,,,3.802563e-05,-32.7964
,,,3.803563e-05,-32.5965
,,,3.804563e-05,-32.5965
,,,3.805563e-05,-31.8969
,,,3.806563e-05,-32.3966
,,,3.807563e-05,-31.9968
,,,3.808563e-05,-32.3966
,,,3.809563e-05,-31.8969
,,,3.810563e-05,-32.1967
,,,3.811563e-05,-31.697
,,,3.812563e-05,-31.7969
,,,3.813563e-05,-31.3971
,,,3.814563e-05,-32.0968
,,,3.815563e-05,-31.597
,,,3.816563e-05,-31.4971
,,,3.817563e-05,-30.7974
,,,3.818563e-05,-31.2972
,,,3.819563e-05,-30.8973
,,,3.820563e-05,-31.2972
,,,3.821563e-05,-30.8973
,,,3.822563e-05,-30.8973
,,,3.823563e-05,-31.0972
,,,3.824563e-05,-31.1972
,,,3.825563e-05,-30.3976
,,,3.826563e-05,-30.6974
,,,3.827563e-05,-30.3976
,,,3.828563e-05,-30.7974
,,,3.829563e-05,-30.1977
,,,3.830563e-05,-30.4975
,,,3.831563e-05,-29.8978
,,,3.832563e-05,-30.2976
,,,3.833563e-05,-29.498
,,,3.834563e-05,-30.4975
,,,3.835563e-05,-30.2976
,,,3.836563e-05,-29.7979
,,,3.837563e-05,-29.498
,,,3.838563e-05,-30.3976
,,,3.839563e-05,-29.3981
,,,3.840563e-05,-29.498
,,,3.841563e-05,-29.3981
,,,3.842563e-05,-29.598
,,,3.843563e-05,-29.498
,,,3.844563e-05,-29.1982
,,,3.845563e-05,-28.8983
,,,3.846563e-05,-29.3981
,,,3.847563e-05,-28.8983
,,,3.848563e-05,-29.3981
,,,3.849563e-05,-28.2986
,,,3.850563e-05,-28.3986
,,,3.851563e-05,-28.4985
,,,3.852563e-05,-28.8983
,,,3.853563e-05,-28.2986
,,,3.854563e-05,-28.6984
,,,3.855563e-05,-28.0987
,,,3.856563e-05,-28.1987
,,,3.857563e-05,-27.599
,,,3.858563e-05,-28.6984
,,,3.859563e-05,-27.8988
,,,3.860563e-05,-27.9988
,,,3.861563e-05,-27.3991
,,,3.862563e-05,-27.8988
,,,3.863563e-05,-27.8988
,,,3.864563e-05,-27.599
,,,3.865563e-05,-27.499
,,,3.866563e-05,-27.6989
,,,3.867563e-05,-27.2991
,,,3.868563e-05,-27.599
,,,3.869563e-05,-26.9993
,,,3.870563e-05,-27.1992
,,,3.871563e-05,-26.7994
,,,3.872563e-05,-27.1992
,,,3.873563e-05,-26.9993
,,,3.874563e-05,-27.0992
,,,3.875563e-05,-26.5995
,,,3.876563e-05,-26.8993
,,,3.877563e-05,-26.1997
,,,3.878563e-05,-27.0992
,,,3.879563e-05,-26.3996
,,,3.880563e-05,-26.0997
,,,3.881563e-05,-25.8998
,,,3.882563e-05,-26.5995
,,,3.883563e-05,-26.0997
,,,3.884563e-05,-26.0997
,,,3.885563e-05,-25.6999
,,,3.886563e-05,-26.2996
,,,3.887563e-05,-25.7998
,,,3.888563e-05,-25.6999
,,,3.889563e-05,-25.2001
,,,3.890563e-05,-25.9997
,,,3.891563e-05,-25.2001
,,,3.892563e-05,-25.5999
,,,3.893563e-05,-25.0002
,,,3.894563e-05,-25.3001
,,,3.895563e-05,-25.0002
,,,3.896563e-05,-25.5999
,,,3.897563e-05,-24.3006
,,,3.898563e-05,-25.2001
,,,3.899563e-05,-24.8003
,,,3.900563e-05,-24.8003
,,,3.901563e-05,-24.1007
,,,3.902563e-05,-24.7004
,,,3.903563e-05,-24.2006
,,,3.904563e-05,-24.4005
,,,3.905563e-05,-23.9008
,,,3.906563e-05,-24.6004
,,,3.907563e-05,-24.2006
,,,3.908563e-05,-24.3006
,,,3.909563e-05,-23.501
,,,3.910563e-05,-23.8008
,,,3.911563e-05,-23.3011
,,,3.912563e-05,-23.501
,,,3.913563e-05,-23.401
,,,3.914563e-05,-24.0007
,,,3.915563e-05,-23.401
,,,3.916563e-05,-23.3011
,,,3.917563e-05,-23.1012
,,,3.918563e-05,-23.501
,,,3.919563e-05,-23.1012
,,,3.920563e-05,-23.0012
,,,3.921563e-05,-22.3016
,,,3.922563e-05,-23.2011
,,,3.923563e-05,-22.4015
,,,3.924563e-05,-22.7014
,,,3.925563e-05,-22.6014
,,,3.926563e-05,-23.2011
,,,3.927563e-05,-22.1017
,,,3.928563e-05,-22.2016
,,,3.929563e-05,-21.8018
,,,3.930563e-05,-22.4015
,,,3.931563e-05,-22.0017
,,,3.932563e-05,-22.0017
,,,3.933563e-05,-21.2021
,,,3.934563e-05,-22.5015
,,,3.935563e-05,-21.1022
,,,3.936563e-05,-21.9018
,,,3.937563e-05,-20.9022
,,,3.938563e-05,-21.9018
,,,3.939563e-05,-21.1022
,,,3.940563e-05,-21.1022
,,,3.941563e-05,-21.0022
,,,3.942563e-05,-21.402
,,,3.943563e-05,-20.8023
,,,3.944563e-05,-20.9022
,,,3.945563e-05,-20.7023
,,,3.946563e-05,-21.2021
,,,3.947563e-05,-20.5024
,,,3.948563e-05,-20.7023
,,,3.949563e-05,-20.4025
,,,3.950563e-05,-20.9022
,,,3.951563e-05,-20.0027
,,,3.952563e-05,-20.1026
,,,3.953563e-05,-19.8028
,,,3.954563e-05,-20.2026
,,,3.955563e-05,-19.8028
,,,3.956563e-05,-19.9027
,,,3.957563e-05,-19.5029
,,,3.958563e-05,-20.1026
,,,3.959563e-05,-19.6029
,,,3.960563e-05,-19.7028
,,,3.961563e-05,-19.1031
,,,3.962563e-05,-19.6029
,,,3.963563e-05,-19.403
,,,3.964563e-05,-19.2031
,,,3.965563e-05,-18.5034
,,,3.966563e-05,-19.5029
,,,3.967563e-05,-18.8033
,,,3.968563e-05,-18.8033
,,,3.969563e-05,-18.6034
,,,3.970563e-05,-19.303
,,,3.971563e-05,-18.7033
,,,3.972563e-05,-18.8033
,,,3.973563e-05,-18.1036
,,,3.974563e-05,-18.6034
,,,3.975563e-05,-18.2036
,,,3.976563e-05,-18.0037
,,,3.977563e-05,-18.2036
,,,3.978563e-05,-18.4035
,,,3.979563e-05,-17.9037
,,,3.980563e-05,-17.9037
,,,3.981563e-05,-17.404
,,,3.982563e-05,-18.1036
,,,3.983563e-05,-17.1041
,,,3.984563e-05,-17.8038
,,,3.985563e-05,-17.0042
,,,3.986563e-05,-17.7038
,,,3.987563e-05,-17.8038
,,,3.988563e-05,-17.5039
,,,3.989563e-05,-16.5044
,,,3.990563e-05,-17.9037
,,,3.991563e-05,-16.7043
,,,3.992563e-05,-17.1041
,,,3.993563e-05,-16.6044
,,,3.994563e-05,-16.9042
,,,3.995563e-05,-16.9042
,,,3.996563e-05,-16.6044
,,,3.997563e-05,-16.5044
,,,3.998563e-05,-16.7043
,,,3.999563e-05,-16.2046
,,,4.000563e-05,-16.0047
,,,4.001563e-05,-16.0047
,,,4.002563e-05,-16.7043
,,,4.003563e-05,-16.0047
,,,4.004563e-05,-16.1046
,,,4.005563e-05,-15.1051
,,,4.006563e-05,-16.0047
,,,4.007563e-05,-15.4049
,,,4.008563e-05,-15.5049
,,,4.009563e-05,-15.1051
,,,4.010563e-05,-15.7048
,,,4.011563e-05,-15.0051
,,,4.012563e-05,-15.305
,,,4.013563e-05,-15.1051
,,,4.014563e-05,-15.1051
,,,4.015563e-05,-15.205
,,,4.016563e-05,-15.205
,,,4.017563e-05,-14.6053
,,,4.018563e-05,-15.0051
,,,4.019563e-05,-14.7053
,,,4.020563e-05,-15.0051
,,,4.021563e-05,-13.8057
,,,4.022563e-05,-14.5054
,,,4.023563e-05,-14.2055
,,,4.024563e-05,-14.3055
,,,4.025563e-05,-13.7058
,,,4.026563e-05,-14.0056
,,,4.027563e-05,-13.9057
,,,4.028563e-05,-14.2055
,,,4.029563e-05,-13.4059
,,,4.030563e-05,-13.8057
,,,4.031563e-05,-13.7058
,,,4.032563e-05,-13.5059
,,,4.033563e-05,-13.1061
,,,4.034563e-05,-13.5059
,,,4.035563e-05,-13.1061
,,,4.036563e-05,-12.9062
,,,4.037563e-05,-12.8062
,,,4.038563e-05,-13.206
,,,4.039563e-05,-12.9062
,,,4.040563e-05,-12.8062
,,,4.041563e-05,-12.294
,,,4.042563e-05,-12.9062
,,,4.043563e-05,-12.3939
,,,4.044563e-05,-12.8062
,,,4.045563e-05,-12.194
,,,4.046563e-05,-12.3939
,,,4.047563e-05,-12.194
,,,4.048563e-05,-11.9941
,,,4.049563e-05,-11.5943
,,,4.050563e-05,-12.294
,,,4.051563e-05,-11.7942
,,,4.052563e-05,-11.6943
,,,4.053563e-05,-11.2945
,,,4.054563e-05,-11.6943
,,,4.055563e-05,-11.5943
,,,4.056563e-05,-11.4944
,,,4.057563e-05,-11.5943
,,,4.058563e-05,-11.5943
,,,4.059563e-05,-10.9946
,,,4.060563e-05,-11.1945
,,,4.061563e-05,-10.295
,,,4.062563e-05,-11.2945
,,,4.063563e-05,-10.6948
,,,4.064563e-05,-10.9946
,,,4.065563e-05,-10.6948
,,,4.066563e-05,-10.3949
,,,4.067563e-05,-10.295
,,,4.068563e-05,-10.7947
,,,4.069563e-05,-9.9951
,,,4.070563e-05,-10.3949
,,,4.071563e-05,-10.3949
,,,4.072563e-05,-10.4949
,,,4.073563e-05,-9.69525
,,,4.074563e-05,-10.095
,,,4.075563e-05,-9.49534
,,,4.076563e-05,-9.89515
,,,4.077563e-05,-9.29544
,,,4.078563e-05,-9.7952
,,,4.079563e-05,-9.49534
,,,4.080563e-05,-9.39539
,,,4.081563e-05,-9.09554
,,,4.082563e-05,-9.29544
,,,4.083563e-05,-8.69574
,,,4.084563e-05,-9.29544
,,,4.085563e-05,-9.09554
,,,4.086563e-05,-8.89564
,,,4.087563e-05,-8.39588
,,,4.088563e-05,-9.29544
,,,4.089563e-05,-8.39588
,,,4.090563e-05,-8.59578
,,,4.091563e-05,-8.09603
,,,4.092563e-05,-8.59578
,,,4.093563e-05,-7.89613
,,,4.094563e-05,-8.09603
,,,4.095563e-05,-7.79618
,,,4.096563e-05,-8.09603
,,,4.097563e-05,-7.89613
,,,4.098563e-05,-7.79618
,,,4.099563e-05,-7.49632
,,,4.100563e-05,-7.99608
,,,4.101563e-05,-7.29642
,,,4.102563e-05,-7.59627
,,,4.103563e-05,-7.29642
,,,4.104563e-05,-7.79618
,,,4.105563e-05,-7.19647
,,,4.106563e-05,-7.19647
,,,4.107563e-05,-6.79667
,,,4.108563e-05,-6.99657
,,,4.109563e-05,-6.59676
,,,4.110563e-05,-6.59676
,,,4.111563e-05,-6.79667
,,,4.112563e-05,-6.89662
,,,4.113563e-05,-6.59676
,,,4.114563e-05,-6.99657
,,,4.115563e-05,-6.39686
,,,4.116563e-05,-6.99657
,,,4.117563e-05,-5.79716
,,,4.118563e-05,-6.29691
,,,4.119563e-05,-6.09701
,,,4.120563e-05,-5.89711
,,,4.121563e-05,-5.89711
,,,4.122563e-05,-6.09701
,,,4.123563e-05,-5.69721
,,,4.124563e-05,-5.99706
,,,4.125563e-05,-5.4973
,,,4.126563e-05,-5.4973
,,,4.127563e-05,-4.99755
,,,4.128563e-05,-5.2974
,,,4.129563e-05,-4.99755
,,,4.130563e-05,-5.69721
,,,4.131563e-05,-4.6977
,,,4.132563e-05,-5.2974
,,,4.133563e-05,-4.8976
,,,4.134563e-05,-4.6977
,,,4.135563e-05,-4.19794
,,,4.136563e-05,-4.8976
,,,4.137563e-05,-4.59775
,,,4.138563e-05,-4.8976
,,,4.139563e-05,-3.99804
,,,4.140563e-05,-4.79765
,,,4.141563e-05,-4.29789
,,,4.142563e-05,-4.59775
,,,4.143563e-05,-3.99804
,,,4.144563e-05,-3.99804
,,,4.145563e-05,-4.09799
,,,4.146563e-05,-3.89809
,,,4.147563e-05,-3.89809
,,,4.148563e-05,-3.69819
,,,4.149563e-05,-3.19843
,,,4.150563e-05,-3.79814
,,,4.151563e-05,-3.49828
,,,4.152563e-05,-3.99804
,,,4.153563e-05,-2.89858
,,,4.154563e-05,-3.29838
,,,4.155563e-05,-2.99853
,,,4.156563e-05,-3.39833
,,,4.157563e-05,-2.49877
,,,4.158563e-05,-3.39833
,,,4.159563e-05,-3.09848
,,,4.160563e-05,-2.99853
,,,4.161563e-05,-2.59873
,,,4.162563e-05,-2.79863
,,,4.163563e-05,-2.49877
,,,4.164563e-05,-2.89858
,,,4.165563e-05,-2.39882
,,,4.166563e-05,-2.39882
,,,4.167563e-05,-2.29887
,,,4.168563e-05,-2.19892
,,,4.169563e-05,-1.89907
,,,4.170563e-05,-2.19892
,,,4.171563e-05,-2.09897
,,,4.172563e-05,-2.09897
,,,4.173563e-05,-1.59922
,,,4.174563e-05,-2.19892
,,,4.175563e-05,-1.49926
,,,4.176563e-05,-1.89907
,,,4.177563e-05,-1.39931
,,,4.178563e-05,-1.69917
,,,4.179563e-05,-1.69917
,,,4.180563e-05,-1.29936
,,,4.181563e-05,-0.799608
,,,4.182563e-05,-0.99951
,,,4.183563e-05,-1.09946
,,,4.184563e-05,-1.29936
,,,4.185563e-05,-0.899559
,,,4.186563e-05,-0.99951
,,,4.187563e-05,-0.99951
,,,4.188563e-05,-1.09946
,,,4.189563e-05,-0.499755
,,,4.190563e-05,-0.99951
,,,4.191563e-05,-0.499755
,,,4.192563e-05,-0.799608
,,,4.193563e-05,-0.299853
,,,4.194563e-05,-1.09946
,,,4.195563e-05,-0.499755
,,,4.196563e-05,-0.899559
,,,4.197563e-05,-0.299853
,,,4.198563e-05,-0.299853
,,,4.199563e-05,-0.899559
,,,4.200563e-05,-0.399804
,,,4.201563e-05,0.099951
,,,4.202563e-05,-0.299853
,,,4.203563e-05,-3.37508e-14
,,,4.204563e-05,-3.37508e-14
,,,4.205563e-05,-0.099951
,,,4.206563e-05,-0.299853
,,,4.207563e-05,-0.099951
,,,4.208563e-05,-3.37508e-14
,,,4.209563e-05,-0.199902
,,,4.210563e-05,-0.099951
,,,4.211563e-05,-0.099951
,,,4.212563e-05,-0.299853
,,,4.213563e-05,0.199902
,,,4.214563e-05,-0.399804
,,,4.215563e-05,-0.099951
,,,4.216563e-05,-0.699657
,,,4.217563e-05,-3.37508e-14
,,,4.218563e-05,-0.399804
,,,4.219563e-05,-0.099951
,,,4.220563e-05,-0.799608
,,,4.221563e-05,-0.299853
,,,4.222563e-05,-0.599706
,,,4.223563e-05,-0.699657
,,,4.224563e-05,-0.899559
,,,4.225563e-05,-0.099951
,,,4.226563e-05,-0.399804
,,,4.227563e-05,-0.599706
,,,4.228563e-05,-1.29936
,,,4.229563e-05,-0.699657
,,,4.230563e-05,-0.799608
,,,4.231563e-05,-0.799608
,,,4.232563e-05,-1.09946
,,,4.233563e-05,-0.499755
,,,4.234563e-05,-1.09946
,,,4.235563e-05,-0.599706
,,,4.236563e-05,-0.899559
,,,4.237563e-05,-0.499755
,,,4.238563e-05,-0.899559
,,,4.239563e-05,-0.799608
,,,4.240563e-05,-1.09946
,,,4.241563e-05,-0.399804
,,,4.242563e-05,-1.29936
,,,4.243563e-05,-0.299853
,,,4.244563e-05,-0.99951
,,,4.245563e-05,-3.37508e-14
,,,4.246563e-05,-0.299853
,,,4.247563e-05,-0.299853
,,,4.248563e-05,-0.599706
,,,4.249563e-05,-0.099951
,,,4.250563e-05,-0.299853
,,,4.251563e-05,-3.37508e-14
,,,4.252563e-05,-0.399804
,,,4.253563e-05,-3.37508e-14
,,,4.254563e-05,-0.299853
,,,4.255563e-05,-0.299853
,,,4.256563e-05,-0.499755
,,,4.257563e-05,0.399804
,,,4.258563e-05,-0.399804
,,,4.259563e-05,-0.199902
,,,4.260563e-05,-0.299853
,,,4.261563e-05,-0.499755
,,,4.262563e-05,-0.299853
,,,4.263563e-05,-3.37508e-14
,,,4.264563e-05,-0.699657
,,,4.265563e-05,-0.299853
,,,4.266563e-05,-0.499755
,,,4.267563e-05,-0.699657
,,,4.268563e-05,-0.499755
,,,4.269563e-05,-0.199902
,,,4.270563e-05,-0.899559
,,,4.271563e-05,-0.399804
,,,4.272563e-05,-0.99951
,,,4.273563e-05,-0.399804
,,,4.274563e-05,-0.699657
,,,4.275563e-05,-0.299853
,,,4.276563e-05,-0.699657
,,,4.277563e-05,-0.499755
,,,4.278563e-05,-1.09946
,,,4.279563e-05,-0.499755
,,,4.280563e-05,-0.799608
,,,4.281563e-05,-0.499755
,,,4.282563e-05,-0.599706
,,,4.283563e-05,-0.499755
,,,4.284563e-05,-0.399804
,,,4.285563e-05,-0.299853
,,,4.286563e-05,-0.499755
,,,4.287563e-05,-0.199902
,,,4.288563e-05,-0.399804
,,,4.289563e-05,-0.499755
,,,4.290563e-05,-0.699657
,,,4.291563e-05,-0.199902
,,,4.292563e-05,-0.199902
,,,4.293563e-05,-3.37508e-14
,,,4.294563e-05,-0.599706
,,,4.295563e-05,0.099951
,,,4.296563e-05,-0.299853
,,,4.297563e-05,0.099951
,,,4.298563e-05,-0.399804
,,,4.299563e-05,-0.099951
,,,4.300563e-05,-0.399804
,,,4.301563e-05,-0.099951
,,,4.302563e-05,-0.099951
,,,4.303563e-05,-0.099951
,,,4.304563e-05,-0.599706
,,,4.305563e-05,-0.199902
,,,4.306563e-05,-0.399804
,,,4.307563e-05,-0.099951
,,,4.308563e-05,-0.599706
,,,4.309563e-05,-3.37508e-14
,,,4.310563e-05,-0.399804
,,,4.311563e-05,-0.199902
,,,4.312563e-05,-0.599706
,,,4.313563e-05,-0.599706
,,,4.314563e-05,-0.899559
,,,4.315563e-05,-0.299853
,,,4.316563e-05,-0.599706
,,,4.317563e-05,-0.199902
,,,4.318563e-05,-0.399804
,,,4.319563e-05,-0.499755
,,,4.320563e-05,-0.899559
,,,4.321563e-05,-0.299853
,,,4.322563e-05,-0.599706
,,,4.323563e-05,-0.599706
,,,4.324563e-05,-0.699657
,,,4.325563e-05,-3.37508e-14
,,,4.326563e-05,-0.699657
,,,4.327563e-05,-0.699657
,,,4.328563e-05,-1.09946
,,,4.329563e-05,-0.099951
,,,4.330563e-05,-0.99951
,,,4.331563e-05,-0.299853
,,,4.332563e-05,-0.599706
,,,4.333563e-05,0.099951
,,,4.334563e-05,-0.499755
,,,4.335563e-05,-0.299853
,,,4.336563e-05,-0.199902
,,,4.337563e-05,-0.199902
,,,4.338563e-05,-0.899559
,,,4.339563e-05,-0.099951
,,,4.340563e-05,-0.599706
,,,4.341563e-05,-3.37508e-14
,,,4.342563e-05,-0.399804
,,,4.343563e-05,-0.499755
,,,4.344563e-05,-0.599706
,,,4.345563e-05,-0.099951
,,,4.346563e-05,-0.499755
,,,4.347563e-05,-0.499755
,,,4.348563e-05,-0.399804
,,,4.349563e-05,-0.199902
,,,4.350563e-05,-0.599706
,,,4.351563e-05,-0.199902
,,,4.352563e-05,-0.399804
,,,4.353563e-05,-3.37508e-14
,,,4.354563e-05,-0.799608
,,,4.355563e-05,-0.499755
,,,4.356563e-05,-0.299853
,,,4.357563e-05,-3.37508e-14
,,,4.358563e-05,-0.199902
,,,4.359563e-05,-0.299853
,,,4.360563e-05,-0.599706
,,,4.361563e-05,-0.299853
,,,4.362563e-05,-0.699657
,,,4.363563e-05,-0.299853
,,,4.364563e-05,-0.799608
,,,4.365563e-05,-0.499755
,,,4.366563e-05,-0.399804
,,,4.367563e-05,-0.499755
,,,4.368563e-05,-0.899559
,,,4.369563e-05,-0.399804
,,,4.370563e-05,-0.499755
,,,4.371563e-05,-0.499755
,,,4.372563e-05,-0.799608
,,,4.373563e-05,-0.099951
,,,4.374563e-05,-0.899559
,,,4.375563e-05,-0.399804
,,,4.376563e-05,-0.699657
,,,4.377563e-05,-0.299853
,,,4.378563e-05,-0.399804
,,,4.379563e-05,-0.499755
,,,4.380563e-05,-0.499755
,,,4.381563e-05,-3.37508e-14
,,,4.382563e-05,-0.599706
,,,4.383563e-05,-0.499755
,,,4.384563e-05,-0.499755
,,,4.385563e-05,-3.37508e-14
,,,4.386563e-05,-0.499755
,,,4.387563e-05,-0.499755
,,,4.388563e-05,-0.699657
,,,4.389563e-05,-0.199902
,,,4.390563e-05,-0.499755
,,,4.391563e-05,-0.299853
,,,4.392563e-05,-0.899559
,,,4.393563e-05,-0.199902
,,,4.394563e-05,-0.499755
,,,4.395563e-05,-0.599706
,,,4.396563e-05,-0.599706
,,,4.397563e-05,-0.199902
,,,4.398563e-05,-0.499755
,,,4.399563e-05,-0.199902
,,,4.400563e-05,-0.799608
,,,4.401563e-05,-0.299853
,,,4.402563e-05,-0.299853
,,,4.403563e-05,-0.699657
,,,4.404563e-05,-0.899559
,,,4.405563e-05,-0.099951
,,,4.406563e-05,-0.499755
,,,4.407563e-05,-0.699657
,,,4.408563e-05,-0.599706
,,,4.409563e-05,-0.399804
,,,4.410563e-05,-0.399804
,,,4.411563e-05,-0.399804
,,,4.412563e-05,-1.09946
,,,4.413563e-05,-0.499755
,,,4.414563e-05,-0.699657
,,,4.415563e-05,-0.399804
,,,4.416563e-05,-0.99951
,,,4.417563e-05,-0.499755
,,,4.418563e-05,-0.699657
,,,4.419563e-05,-0.799608
,,,4.420563e-05,-0.499755
,,,4.421563e-05,-0.399804
,,,4.422563e-05,-0.899559
,,,4.423563e-05,-0.699657
,,,4.424563e-05,-0.499755
,,,4.425563e-05,-0.399804
,,,4.426563e-05,-0.499755
,,,4.427563e-05,-0.199902
,,,4.428563e-05,-0.799608
,,,4.429563e-05,-0.299853
,,,4.430563e-05,-0.99951
,,,4.431563e-05,-0.599706
,,,4.432563e-05,-0.399804
,,,4.433563e-05,-0.299853
,,,4.434563e-05,-0.399804
,,,4.435563e-05,-0.399804
,,,4.436563e-05,-1.09946
,,,4.437563e-05,-0.599706
,,,4.438563e-05,-0.799608
,,,4.439563e-05,-0.499755
,,,4.440563e-05,-0.699657
,,,4.441563e-05,-0.199902
,,,4.442563e-05,-0.599706
,,,4.443563e-05,-0.499755
,,,4.444563e-05,-0.699657
,,,4.445563e-05,-0.199902
,,,4.446563e-05,-0.799608
,,,4.447563e-05,-0.899559
,,,4.448563e-05,-0.899559
,,,4.449563e-05,-0.699657
,,,4.450563e-05,-0.99951
,,,4.451563e-05,-0.599706
,,,4.452563e-05,-1.19941
,,,4.453563e-05,-0.299853
,,,4.454563e-05,-0.299853
,,,4.455563e-05,-0.399804
,,,4.456563e-05,-0.699657
,,,4.457563e-05,-3.37508e-14
,,,4.458563e-05,-0.399804
,,,4.459563e-05,-0.299853
,,,4.460563e-05,-0.499755
,,,4.461563e-05,-0.199902
,,,4.462563e-05,-0.599706
,,,4.463563e-05,-0.699657
,,,4.464563e-05,-0.499755
,,,4.465563e-05,-0.399804
,,,4.466563e-05,-0.599706
,,,4.467563e-05,-0.299853
,,,4.468563e-05,-0.499755
,,,4.469563e-05,-3.37508e-14
,,,4.470563e-05,-0.699657
,,,4.471563e-05,-0.299853
,,,4.472563e-05,-0.899559
,,,4.473563e-05,-0.599706
,,,4.474563e-05,-0.599706
,,,4.475563e-05,-0.099951
,,,4.476563e-05,-0.799608
,,,4.477563e-05,-3.37508e-14
,,,4.478563e-05,-0.899559
,,,4.479563e-05,-0.699657
,,,4.480563e-05,-0.499755
,,,4.481563e-05,0.099951
,,,4.482563e-05,-0.599706
,,,4.483563e-05,-3.37508e-14
,,,4.484563e-05,-0.99951
,,,4.485563e-05,-0.299853
,,,4.486563e-05,-0.399804
,,,4.487563e-05,-0.499755
,,,4.488563e-05,-0.99951
,,,4.489563e-05,-0.499755
,,,4.490563e-05,-0.899559
,,,4.491563e-05,-0.799608
,,,4.492563e-05,-0.699657
,,,4.493563e-05,-0.399804
,,,4.494563e-05,-0.99951
,,,4.495563e-05,-0.699657
,,,4.496563e-05,-1.09946
,,,4.497563e-05,-0.099951
,,,4.498563e-05,-0.899559
,,,4.499563e-05,-0.799608
,,,4.500563e-05,-0.899559
,,,4.501563e-05,-0.799608
,,,4.502563e-05,-0.799608
,,,4.503563e-05,-0.399804
,,,4.504563e-05,-0.899559
,,,4.505563e-05,-0.599706
,,,4.506563e-05,-0.799608
,,,4.507563e-05,-0.599706
,,,4.508563e-05,-0.99951
,,,4.509563e-05,-0.399804
,,,4.510563e-05,-0.99951
,,,4.511563e-05,-0.499755
,,,4.512563e-05,-1.09946
,,,4.513563e-05,-0.499755
,,,4.514563e-05,-1.09946
,,,4.515563e-05,-0.699657
,,,4.516563e-05,-0.899559
,,,4.517563e-05,-0.399804
,,,4.518563e-05,-0.799608
,,,4.519563e-05,-0.899559
,,,4.520563e-05,-1.19941
,,,4.521563e-05,-0.499755
,,,4.522563e-05,-0.899559
,,,4.523563e-05,-0.599706
,,,4.524563e-05,-0.799608
,,,4.525563e-05,-0.499755
,,,4.526563e-05,-0.99951
,,,4.527563e-05,-0.599706
,,,4.528563e-05,-0.599706
,,,4.529563e-05,-0.099951
,,,4.530563e-05,-0.99951
,,,4.531563e-05,-0.899559
,,,4.532563e-05,-0.899559
,,,4.533563e-05,-0.599706
,,,4.534563e-05,-0.99951
,,,4.535563e-05,-0.899559
,,,4.536563e-05,-1.19941
,,,4.537563e-05,-0.499755
,,,4.538563e-05,-0.799608
,,,4.539563e-05,-0.599706
,,,4.540563e-05,-0.799608
,,,4.541563e-05,-0.899559
,,,4.542563e-05,-0.699657
,,,4.543563e-05,-0.399804
,,,4.544563e-05,-0.799608
,,,4.545563e-05,-0.399804
,,,4.546563e-05,-0.699657
,,,4.547563e-05,-0.799608
,,,4.548563e-05,-1.29936
,,,4.549563e-05,-0.399804
,,,4.550563e-05,-0.99951
,,,4.551563e-05,-0.899559
,,,4.552563e-05,-1.09946
,,,4.553563e-05,-0.99951
,,,4.554563e-05,-1.29936
,,,4.555563e-05,-1.09946
,,,4.556563e-05,-1.19941
,,,4.557563e-05,-0.899559
,,,4.558563e-05,-1.19941
,,,4.559563e-05,-0.899559
,,,4.560563e-05,-1.29936
,,,4.561563e-05,-0.899559
,,,4.562563e-05,-0.699657
,,,4.563563e-05,-1.09946
,,,4.564563e-05,-1.39931
,,,4.565563e-05,-1.19941
,,,4.566563e-05,-1.09946
,,,4.567563e-05,-1.19941
,,,4.568563e-05,-1.19941
,,,4.569563e-05,-0.399804
,,,4.570563e-05,-0.99951
,,,4.571563e-05,-0.599706
,,,4.572563e-05,-1.19941
,,,4.573563e-05,-0.499755
,,,4.574563e-05,-1.09946
,,,4.575563e-05,-0.99951
,,,4.576563e-05,-1.19941
,,,4.577563e-05,-0.499755
,,,4.578563e-05,-1.49926
,,,4.579563e-05,-0.799608
,,,4.580563e-05,-1.29936
,,,4.581563e-05,-0.499755
,,,4.582563e-05,-1.29936
,,,4.583563e-05,-1.09946
,,,4.584563e-05,-1.39931
,,,4.585563e-05,-0.99951
,,,4.586563e-05,-1.19941
,,,4.587563e-05,-1.09946
,,,4.588563e-05,-1.09946
,,,4.589563e-05,-0.899559
,,,4.590563e-05,-1.39931
,,,4.591563e-05,-0.99951
,,,4.592563e-05,-1.19941
,,,4.593563e-05,-0.799608
,,,4.594563e-05,-1.09946
,,,4.595563e-05,-1.09946
,,,4.596563e-05,-1.69917
,,,4.597563e-05,-0.799608
,,,4.598563e-05,-1.09946
,,,4.599563e-05,-0.899559
,,,4.600563e-05,-1.39931
,,,4.601563e-05,-0.499755
,,,4.602563e-05,-1.29936
,,,4.603563e-05,-1.09946
,,,4.604563e-05,-1.69917
,,,4.605563e-05,-0.799608
,,,4.606563e-05,-1.29936
,,,4.607563e-05,-0.99951
,,,4.608563e-05,-1.49926
,,,4.609563e-05,-0.699657
,,,4.610563e-05,-1.09946
,,,4.611563e-05,-1.29936
,,,4.612563e-05,-1.49926
,,,4.613563e-05,-0.599706
,,,4.614563e-05,-0.99951
,,,4.615563e-05,-1.29936
,,,4.616563e-05,-1.79912
,,,4.617563e-05,-0.899559
,,,4.618563e-05,-1.29936
,,,4.619563e-05,-1.29936
,,,4.620563e-05,-1.19941
,,,4.621563e-05,-0.99951
,,,4.622563e-05,-1.09946
,,,4.623563e-05,-1.19941
,,,4.624563e-05,-1.39931
,,,4.625563e-05,-1.29936
,,,4.626563e-05,-1.49926
,,,4.627563e-05,-1.19941
,,,4.628563e-05,-1.59922
,,,4.629563e-05,-1.19941
,,,4.630563e-05,-1.39931
,,,4.631563e-05,-0.799608
,,,4.632563e-05,-1.69917
,,,4.633563e-05,-1.19941
,,,4.634563e-05,-1.59922
,,,4.635563e-05,-1.39931
,,,4.636563e-05,-1.79912
,,,4.637563e-05,-1.29936
,,,4.638563e-05,-1.09946
,,,4.639563e-05,-1.39931
,,,4.640563e-05,-1.49926
,,,4.641563e-05,-1.09946
,,,4.642563e-05,-1.19941
,,,4.643563e-05,-1.29936
,,,4.644563e-05,-1.79912
,,,4.645563e-05,-1.09946
,,,4.646563e-05,-0.99951
,,,4.647563e-05,-1.39931
,,,4.648563e-05,-1.39931
,,,4.649563e-05,-1.09946
,,,4.650563e-05,-1.29936
,,,4.651563e-05,-1.49926
,,,4.652563e-05,-1.69917
,,,4.653563e-05,-0.699657
,,,4.654563e-05,-1.29936
,,,4.655563e-05,-1.39931
,,,4.656563e-05,-1.39931
,,,4.657563e-05,-0.99951
,,,4.658563e-05,-1.89907
,,,4.659563e-05,-1.29936
,,,4.660563e-05,-2.29887
,,,4.661563e-05,-0.699657
,,,4.662563e-05,-1.79912
,,,4.663563e-05,-1.69917
,,,4.664563e-05,-2.39882
,,,4.665563e-05,-1.19941
,,,4.666563e-05,-1.39931
,,,4.667563e-05,-1.79912
,,,4.668563e-05,-1.59922
,,,4.669563e-05,-1.19941
,,,4.670563e-05,-1.79912
,,,4.671563e-05,-1.59922
,,,4.672563e-05,-1.89907
,,,4.673563e-05,-1.29936
,,,4.674563e-05,-1.69917
,,,4.675563e-05,-1.39931
,,,4.676563e-05,-1.59922
,,,4.677563e-05,-1.19941
,,,4.678563e-05,-1.99902
,,,4.679563e-05,-1.39931
,,,4.680563e-05,-1.59922
,,,4.681563e-05,-1.19941
,,,4.682563e-05,-1.59922
,,,4.683563e-05,-1.89907
,,,4.684563e-05,-1.89907
,,,4.685563e-05,-0.899559
,,,4.686563e-05,-1.19941
,,,4.687563e-05,-1.59922
,,,4.688563e-05,-2.09897
,,,4.689563e-05,-1.39931
,,,4.690563e-05,-1.99902
,,,4.691563e-05,-1.69917
,,,4.692563e-05,-1.99902
,,,4.693563e-05,-1.29936
,,,4.694563e-05,-1.79912
,,,4.695563e-05,-1.79912
,,,4.696563e-05,-1.79912
,,,4.697563e-05,-1.19941
,,,4.698563e-05,-1.49926
,,,4.699563e-05,-1.69917
,,,4.700563e-05,-1.79912
,,,4.701563e-05,-0.899559
,,,4.702563e-05,-1.69917
,,,4.703563e-05,-1.59922
,,,4.704563e-05,-1.99902
,,,4.705563e-05,-1.09946
,,,4.706563e-05,-1.49926
,,,4.707563e-05,-2.09897
,,,4.708563e-05,-2.09897
,,,4.709563e-05,-1.39931
,,,4.710563e-05,-1.49926
,,,4.711563e-05,-1.79912
,,,4.712563e-05,-1.89907
,,,4.713563e-05,-1.19941
,,,4.714563e-05,-1.79912
,,,4.715563e-05,-1.49926
,,,4.716563e-05,-1.99902
,,,4.717563e-05,-1.09946
,,,4.718563e-05,-1.59922
,,,4.719563e-05,-1.69917
,,,4.720563e-05,-1.99902
,,,4.721563e-05,-0.99951
,,,4.722563e-05,-2.19892
,,,4.723563e-05,-2.19892
,,,4.724563e-05,-1.89907
,,,4.725563e-05,-1.39931
,,,4.726563e-05,-1.59922
,,,4.727563e-05,-1.59922
,,,4.728563e-05,-1.69917
,,,4.729563e-05,-1.19941
,,,4.730563e-05,-1.59922
,,,4.731563e-05,-1.49926
,,,4.732563e-05,-1.79912
,,,4.733563e-05,-1.39931
,,,4.734563e-05,-1.59922
,,,4.735563e-05,-1.59922
,,,4.736563e-05,-1.79912
,,,4.737563e-05,-1.19941
,,,4.738563e-05,-1.49926
,,,4.739563e-05,-1.39931
,,,4.740563e-05,-1.69917
,,,4.741563e-05,-1.29936
,,,4.742563e-05,-1.59922
,,,4.743563e-05,-1.59922
,,,4.744563e-05,-2.09897
,,,4.745563e-05,-1.79912
,,,4.746563e-05,-1.99902
,,,4.747563e-05,-1.89907
,,,4.748563e-05,-1.99902
,,,4.749563e-05,-1.39931
,,,4.750563e-05,-1.49926
,,,4.751563e-05,-1.79912
,,,4.752563e-05,-1.99902
,,,4.753563e-05,-1.59922
,,,4.754563e-05,-1.49926
,,,4.755563e-05,-1.69917
,,,4.756563e-05,-2.19892
,,,4.757563e-05,-1.19941
,,,4.758563e-05,-1.99902
,,,4.759563e-05,-1.59922
,,,4.760563e-05,-1.79912
,,,4.761563e-05,-1.39931
,,,4.762563e-05,-1.99902
,,,4.763563e-05,-1.79912
,,,4.764563e-05,-2.39882
,,,4.765563e-05,-1.69917
,,,4.766563e-05,-1.39931
,,,4.767563e-05,-1.59922
,,,4.768563e-05,-2.49877
,,,4.769563e-05,-1.39931
,,,4.770563e-05,-1.39931
,,,4.771563e-05,-1.39931
,,,4.772563e-05,-1.89907
,,,4.773563e-05,-1.79912
,,,4.774563e-05,-1.69917
,,,4.775563e-05,-1.99902
,,,4.776563e-05,-1.99902
,,,4.777563e-05,-1.29936
,,,4.778563e-05,-1.79912
,,,4.779563e-05,-1.69917
,,,4.780563e-05,-2.29887
,,,4.781563e-05,-1.49926
,,,4.782563e-05,-1.99902
,,,4.783563e-05,-1.49926
,,,4.784563e-05,-2.09897
,,,4.785563e-05,-1.69917
,,,4.786563e-05,-2.09897
,,,4.787563e-05,-1.59922
,,,4.788563e-05,-2.29887
,,,4.789563e-05,-1.39931
,,,4.790563e-05,-1.89907
,,,4.791563e-05,-1.59922
,,,4.792563e-05,-1.89907
,,,4.793563e-05,-1.59922
,,,4.794563e-05,-1.79912
,,,4.795563e-05,-1.69917
,,,4.796563e-05,-1.79912
,,,4.797563e-05,-1.29936
,,,4.798563e-05,-1.39931
,,,4.799563e-05,-1.39931
,,,4.800563e-05,-1.99902
,,,4.801563e-05,-1.49926
,,,4.802563e-05,-1.59922
,,,4.803563e-05,-1.39931
,,,4.804563e-05,-2.19892
,,,4.805563e-05,-1.19941
,,,4.806563e-05,-1.39931
,,,4.807563e-05,-1.39931
,,,4.808563e-05,-1.89907
,,,4.809563e-05,-1.29936
,,,4.810563e-05,-1.69917
,,,4.811563e-05,-1.59922
,,,4.812563e-05,-1.99902
,,,4.813563e-05,-1.09946
,,,4.814563e-05,-1.79912
,,,4.815563e-05,-1.69917
,,,4.816563e-05,-2.19892
,,,4.817563e-05,-1.69917
,,,4.818563e-05,-1.89907
,,,4.819563e-05,-1.89907
,,,4.820563e-05,-2.19892
,,,4.821563e-05,-1.59922
,,,4.822563e-05,-1.89907
,,,4.823563e-05,-1.69917
,,,4.824563e-05,-1.99902
,,,4.825563e-05,-1.19941
,,,4.826563e-05,-1.69917
,,,4.827563e-05,-1.59922
,,,4.828563e-05,-1.49926
,,,4.829563e-05,-1.69917
,,,4.830563e-05,-1.99902
,,,4.831563e-05,-1.79912
,,,4.832563e-05,-1.49926
,,,4.833563e-05,-1.69917
,,,4.834563e-05,-1.49926
,,,4.835563e-05,-1.59922
,,,4.836563e-05,-2.39882
,,,4.837563e-05,-1.19941
,,,4.838563e-05,-1.79912
,,,4.839563e-05,-1.39931
,,,4.840563e-05,-1.59922
,,,4.841563e-05,-1.19941
,,,4.842563e-05,-1.69917
,,,4.843563e-05,-1.49926
,,,4.844563e-05,-1.99902
,,,4.845563e-05,-1.59922
,,,4.846563e-05,-1.69917
,,,4.847563e-05,-1.59922
,,,4.848563e-05,-2.09897
,,,4.849563e-05,-1.39931
,,,4.850563e-05,-1.59922
,,,4.851563e-05,-1.69917
,,,4.852563e-05,-1.69917
,,,4.853563e-05,-1.29936
,,,4.854563e-05,-1.79912
,,,4.855563e-05,-1.19941
,,,4.856563e-05,-1.49926
,,,4.857563e-05,-1.09946
,,,4.858563e-05,-1.69917
,,,4.859563e-05,-1.69917
,,,4.860563e-05,-2.09897
,,,4.861563e-05,-1.19941
,,,4.862563e-05,-1.79912
,,,4.863563e-05,-1.19941
,,,4.864563e-05,-1.89907
,,,4.865563e-05,-1.29936
,,,4.866563e-05,-1.59922
,,,4.867563e-05,-1.39931
,,,4.868563e-05,-1.69917
,,,4.869563e-05,-0.99951
,,,4.870563e-05,-1.69917
,,,4.871563e-05,-1.49926
,,,4.872563e-05,-1.49926
,,,4.873563e-05,-1.69917
,,,4.874563e-05,-1.29936
,,,4.875563e-05,-1.59922
,,,4.876563e-05,-1.69917
,,,4.877563e-05,-1.49926
,,,4.878563e-05,-1.79912
,,,4.879563e-05,-1.39931
,,,4.880563e-05,-1.89907
,,,4.881563e-05,-0.99951
,,,4.882563e-05,-1.59922
,,,4.883563e-05,-1.29936
,,,4.884563e-05,-1.99902
,,,4.885563e-05,-0.99951
,,,4.886563e-05,-1.79912
,,,4.887563e-05,-1.59922
,,,4.888563e-05,-2.09897
,,,4.889563e-05,-0.99951
,,,4.890563e-05,-1.79912
,,,4.891563e-05,-1.79912
,,,4.892563e-05,-1.59922
,,,4.893563e-05,-1.19941
,,,4.894563e-05,-1.59922
,,,4.895563e-05,-1.39931
,,,4.896563e-05,-1.89907
,,,4.897563e-05,-1.29936
,,,4.898563e-05,-1.49926
,,,4.899563e-05,-1.49926
,,,4.900563e-05,-2.19892
,,,4.901563e-05,-1.49926
,,,4.902563e-05,-1.69917
,,,4.903563e-05,-1.69917
,,,4.904563e-05,-1.79912
,,,4.905563e-05,-0.799608
,,,4.906563e-05,-1.89907
,,,4.907563e-05,-1.19941
,,,4.908563e-05,-1.79912
,,,4.909563e-05,-0.99951
,,,4.910563e-05,-1.19941
,,,4.911563e-05,-1.39931
,,,4.912563e-05,-1.79912
,,,4.913563e-05,-1.09946
,,,4.914563e-05,-1.79912
,,,4.915563e-05,-1.49926
,,,4.916563e-05,-1.59922
,,,4.917563e-05,-1.19941
,,,4.918563e-05,-1.69917
,,,4.919563e-05,-1.59922
,,,4.920563e-05,-1.89907
,,,4.921563e-05,-1.19941
,,,4.922563e-05,-1.39931
,,,4.923563e-05,-1.39931
,,,4.924563e-05,-1.79912
,,,4.925563e-05,-1.19941
,,,4.926563e-05,-1.49926
,,,4.927563e-05,-1.59922
,,,4.928563e-05,-1.69917
,,,4.929563e-05,-1.29936
,,,4.930563e-05,-1.29936
,,,4.931563e-05,-1.29936
,,,4.932563e-05,-1.99902
,,,4.933563e-05,-1.29936
,,,4.934563e-05,-1.79912
,,,4.935563e-05,-1.59922
,,,4.936563e-05,-1.49926
,,,4.937563e-05,-1.49926
,,,4.938563e-05,-1.19941
,,,4.939563e-05,-1.49926
,,,4.940563e-05,-1.49926
,,,4.941563e-05,-1.29936
,,,4.942563e-05,-1.39931
,,,4.943563e-05,-1.49926
,,,4.944563e-05,-1.79912
,,,4.945563e-05,-0.99951
,,,4.946563e-05,-1.09946
,,,4.947563e-05,-1.19941
,,,4.948563e-05,-1.79912
,,,4.949563e-05,-1.19941
,,,4.950563e-05,-1.19941
,,,4.951563e-05,-1.19941
,,,4.952563e-05,-1.89907
,,,4.953563e-05,-0.99951
,,,4.954563e-05,-1.29936
,,,4.955563e-05,-1.09946
,,,4.956563e-05,-1.79912
,,,4.957563e-05,-0.699657
,,,4.958563e-05,-1.29936
,,,4.959563e-05,-1.49926
,,,4.960563e-05,-1.99902
,,,4.961563e-05,-1.39931
,,,4.962563e-05,-1.19941
,,,4.963563e-05,-1.09946
,,,4.964563e-05,-1.89907
,,,4.965563e-05,-1.09946
,,,4.966563e-05,-1.59922
,,,4.967563e-05,-1.09946
,,,4.968563e-05,-1.99902
,,,4.969563e-05,-1.29936
,,,4.970563e-05,-1.59922
,,,4.971563e-05,-0.99951
,,,4.972563e-05,-1.79912
,,,4.973563e-05,-0.899559
,,,4.974563e-05,-1.19941
,,,4.975563e-05,-1.19941
,,,4.976563e-05,-1.49926
,,,4.977563e-05,-0.99951
,,,4.978563e-05,-1.19941
,,,4.979563e-05,-1.19941
,,,4.980563e-05,-1.79912
,,,4.981563e-05,-1.19941
,,,4.982563e-05,-1.29936
,,,4.983563e-05,-1.29936
,,,4.984563e-05,-1.39931
,,,4.985563e-05,-1.09946
,,,4.986563e-05,-1.59922
,,,4.987563e-05,-0.99951
,,,4.988563e-05,-1.69917
,,,4.989563e-05,-1.39931
,,,4.990563e-05,-1.09946
,,,4.991563e-05,-1.19941
,,,4.992563e-05,-1.29936
,,,4.993563e-05,-0.899559
,,,4.994563e-05,-1.09946
,,,4.995563e-05,-1.09946
,,,4.996563e-05,-1.79912
,,,4.997563e-05,-0.899559
,,,4.998563e-05,-1.59922
,,,4.999563e-05,-1.19941
,,,5.000563e-05,-1.59922
,,,5.001563e-05,-1.09946
,,,5.002563e-05,-1.29936
,,,5.003563e-05,-1.39931
,,,5.004563e-05,-1.89907
,,,5.005563e-05,-0.799608
,,,5.006563e-05,-1.29936
,,,5.007563e-05,-1.49926
,,,5.008563e-05,-1.49926
,,,5.009563e-05,-0.699657
,,,5.010563e-05,-0.699657
,,,5.011563e-05,-0.99951
,,,5.012563e-05,-1.49926
,,,5.013563e-05,-1.29936
,,,5.014563e-05,-1.29936
,,,5.015563e-05,-1.09946
,,,5.016563e-05,-1.69917
,,,5.017563e-05,-1.09946
,,,5.018563e-05,-1.39931
,,,5.019563e-05,-1.29936
,,,5.020563e-05,-1.29936
,,,5.021563e-05,-0.699657
,,,5.022563e-05,-1.49926
,,,5.023563e-05,-1.19941
,,,5.024563e-05,-1.29936
,,,5.025563e-05,-0.699657
,,,5.026563e-05,-1.39931
,,,5.027563e-05,-0.99951
,,,5.028563e-05,-1.59922
,,,5.029563e-05,-0.599706
,,,5.030563e-05,-1.09946
,,,5.031563e-05,-0.799608
,,,5.032563e-05,-1.39931
,,,5.033563e-05,-0.899559
,,,5.034563e-05,-1.09946
,,,5.035563e-05,-1.19941
,,,5.036563e-05,-0.899559
,,,5.037563e-05,-0.899559
,,,5.038563e-05,-1.39931
,,,5.039563e-05,-1.19941
,,,5.040563e-05,-1.39931
,,,5.041563e-05,-0.99951
,,,5.042563e-05,-1.19941
,,,5.043563e-05,-1.09946
,,,5.044563e-05,-1.59922
,,,5.045563e-05,-0.699657
,,,5.046563e-05,-0.99951
,,,5.047563e-05,-0.799608
,,,5.048563e-05,-1.09946
,,,5.049563e-05,-0.99951
,,,5.050563e-05,-0.99951
,,,5.051563e-05,-1.09946
,,,5.052563e-05,-0.99951
,,,5.053563e-05,-0.699657
,,,5.054563e-05,-1.09946
,,,5.055563e-05,-0.899559
,,,5.056563e-05,-1.39931
,,,5.057563e-05,-0.899559
,,,5.058563e-05,-1.29936
,,,5.059563e-05,-0.99951
,,,5.060563e-05,-1.09946
,,,5.061563e-05,-0.299853
,,,5.062563e-05,-1.09946
,,,5.063563e-05,-1.29936
,,,5.064563e-05,-1.49926
,,,5.065563e-05,-0.699657
,,,5.066563e-05,-1.09946
,,,5.067563e-05,-1.29936
,,,5.068563e-05,-0.99951
,,,5.069563e-05,-0.699657
,,,5.070563e-05,-0.899559
,,,5.071563e-05,-0.699657
,,,5.072563e-05,-0.799608
,,,5.073563e-05,-1.09946
,,,5.074563e-05,-0.699657
,,,5.075563e-05,-0.799608
,,,5.076563e-05,-1.39931
,,,5.077563e-05,-0.699657
,,,5.078563e-05,-1.29936
,,,5.079563e-05,-0.899559
,,,5.080563e-05,-1.39931
,,,5.081563e-05,-0.599706
,,,5.082563e-05,-1.19941
,,,5.083563e-05,-1.09946
,,,5.084563e-05,-1.49926
,,,5.085563e-05,-1.29936
,,,5.086563e-05,-1.39931
,,,5.087563e-05,-1.19941
,,,5.088563e-05,-1.19941
,,,5.089563e-05,-0.599706
,,,5.090563e-05,-0.899559
,,,5.091563e-05,-0.799608
,,,5.092563e-05,-1.39931
,,,5.093563e-05,-0.499755
,,,5.094563e-05,-0.99951
,,,5.095563e-05,-0.99951
,,,5.096563e-05,-1.49926
,,,5.097563e-05,-0.799608
,,,5.098563e-05,-0.99951
,,,5.099563e-05,-1.09946
,,,5.100563e-05,-1.69917
,,,5.101563e-05,-0.899559
,,,5.102563e-05,-1.29936
,,,5.103563e-05,-1.09946
,,,5.104563e-05,-1.29936
,,,5.105563e-05,-0.699657
,,,5.106563e-05,-0.899559
,,,5.107563e-05,-1.29936
,,,5.108563e-05,-1.39931
,,,5.109563e-05,-0.199902
,,,5.110563e-05,-0.799608
,,,5.111563e-05,-1.09946
,,,5.112563e-05,-1.59922
,,,5.113563e-05,-0.899559
,,,5.114563e-05,-1.09946
,,,5.115563e-05,-1.09946
,,,5.116563e-05,-1.29936
,,,5.117563e-05,-0.799608
,,,5.118563e-05,-0.899559
,,,5.119563e-05,-0.599706
,,,5.120563e-05,-0.799608
,,,5.121563e-05,-0.599706
,,,5.122563e-05,-0.699657
,,,5.123563e-05,-0.899559
,,,5.124563e-05,-1.19941
,,,5.125563e-05,-0.499755
,,,5.126563e-05,-1.09946
,,,5.127563e-05,-1.49926
,,,5.128563e-05,-1.49926
,,,5.129563e-05,-0.899559
,,,5.130563e-05,-1.29936
,,,5.131563e-05,-0.99951
,,,5.132563e-05,-1.39931
,,,5.133563e-05,-1.19941
,,,5.134563e-05,-1.39931
,,,5.135563e-05,-0.99951
,,,5.136563e-05,-1.19941
,,,5.137563e-05,-0.699657
,,,5.138563e-05,-0.99951
,,,5.139563e-05,-0.699657
,,,5.140563e-05,-1.09946
,,,5.141563e-05,-0.499755
,,,5.142563e-05,-0.99951
,,,5.143563e-05,-0.599706
,,,5.144563e-05,-1.29936
,,,5.145563e-05,-1.29936
,,,5.146563e-05,-0.99951
,,,5.147563e-05,-0.99951
,,,5.148563e-05,-0.99951
,,,5.149563e-05,-0.699657
,,,5.150563e-05,-0.99951
,,,5.151563e-05,-0.99951
,,,5.152563e-05,-1.49926
,,,5.153563e-05,-0.799608
,,,5.154563e-05,-1.39931
,,,5.155563e-05,-1.19941
,,,5.156563e-05,-1.19941
,,,5.157563e-05,-0.799608
,,,5.158563e-05,-1.29936
,,,5.159563e-05,-1.19941
,,,5.160563e-05,-1.29936
,,,5.161563e-05,-0.899559
,,,5.162563e-05,-1.09946
,,,5.163563e-05,-0.99951
,,,5.164563e-05,-1.49926
,,,5.165563e-05,-0.799608
,,,5.166563e-05,-0.899559
,,,5.167563e-05,-1.39931
,,,5.168563e-05,-1.19941
,,,5.169563e-05,-0.699657
,,,5.170563e-05,-1.09946
,,,5.171563e-05,-0.599706
,,,5.172563e-05,-1.39931
,,,5.173563e-05,-0.499755
,,,5.174563e-05,-0.899559
,,,5.175563e-05,-1.19941
,,,5.176563e-05,-1.19941
,,,5.177563e-05,-0.699657
,,,5.178563e-05,-0.599706
,,,5.179563e-05,-0.99951
,,,5.180563e-05,-1.19941
,,,5.181563e-05,-0.899559
,,,5.182563e-05,-0.699657
,,,5.183563e-05,-0.99951
,,,5.184563e-05,-1.19941
,,,5.185563e-05,-0.699657
,,,5.186563e-05,-1.09946
,,,5.187563e-05,-0.99951
,,,5.188563e-05,-1.39931
,,,5.189563e-05,-0.699657
,,,5.190563e-05,-0.799608
,,,5.191563e-05,-1.29936
,,,5.192563e-05,-0.99951
,,,5.193563e-05,-0.99951
,,,5.194563e-05,-0.99951
,,,5.195563e-05,-1.09946
,,,5.196563e-05,-0.899559
,,,5.197563e-05,-0.899559
,,,5.198563e-05,-1.19941
,,,5.199563e-05,-0.799608
,,,5.200563e-05,-1.19941
,,,5.201563e-05,-0.599706
,,,5.202563e-05,-1.09946
,,,5.203563e-05,-0.99951
,,,5.204563e-05,-1.79912
,,,5.205563e-05,-0.899559
,,,5.206563e-05,-1.49926
,,,5.207563e-05,-0.399804
,,,5.208563e-05,-1.19941
,,,5.209563e-05,-0.899559
,,,5.210563e-05,-1.19941
,,,5.211563e-05,-0.99951
,,,5.212563e-05,-1.09946
,,,5.213563e-05,-0.99951
,,,5.214563e-05,-1.19941
,,,5.215563e-05,-0.799608
,,,5.216563e-05,-1.49926
,,,5.217563e-05,-0.399804
,,,5.218563e-05,-1.09946
,,,5.219563e-05,-1.29936
,,,5.220563e-05,-1.39931
,,,5.221563e-05,-0.99951
,,,5.222563e-05,-1.29936
,,,5.223563e-05,-0.99951
,,,5.224563e-05,-0.99951
,,,5.225563e-05,-0.699657
,,,5.226563e-05,-1.19941
,,,5.227563e-05,-0.899559
,,,5.228563e-05,-1.19941
,,,5.229563e-05,-0.899559
,,,5.230563e-05,-1.29936
,,,5.231563e-05,-1.49926
,,,5.232563e-05,-0.799608
,,,5.233563e-05,-1.19941
,,,5.234563e-05,-0.899559
,,,5.235563e-05,-0.99951
,,,5.236563e-05,-0.99951
,,,5.237563e-05,-0.699657
,,,5.238563e-05,-0.99951
,,,5.239563e-05,-1.19941
,,,5.240563e-05,-0.899559
,,,5.241563e-05,-0.299853
,,,5.242563e-05,-0.99951
,,,5.243563e-05,-0.899559
,,,5.244563e-05,-1.39931
,,,5.245563e-05,-0.799608
,,,5.246563e-05,-1.09946
,,,5.247563e-05,-0.899559
,,,5.248563e-05,-1.19941
,,,5.249563e-05,-0.499755
,,,5.250563e-05,-0.99951
,,,5.251563e-05,-0.899559
,,,5.252563e-05,-1.09946
,,,5.253563e-05,-0.899559
,,,5.254563e-05,-1.29936
,,,5.255563e-05,-0.899559
,,,5.256563e-05,-1.59922
,,,5.257563e-05,-0.599706
,,,5.258563e-05,-0.899559
,,,5.259563e-05,-0.899559
,,,5.260563e-05,-1.39931
,,,5.261563e-05,-0.399804
,,,5.262563e-05,-1.19941
,,,5.263563e-05,-1.09946
,,,5.264563e-05,-1.19941
,,,5.265563e-05,-0.699657
,,,5.266563e-05,-1.09946
,,,5.267563e-05,-0.599706
,,,5.268563e-05,-0.99951
,,,5.269563e-05,-0.599706
,,,5.270563e-05,-1.09946
,,,5.271563e-05,-0.799608
,,,5.272563e-05,-0.99951
,,,5.273563e-05,-0.399804
,,,5.274563e-05,-0.899559
,,,5.275563e-05,-0.699657
,,,5.276563e-05,-1.39931
,,,5.277563e-05,-0.599706
,,,5.278563e-05,-0.699657
,,,5.279563e-05,-0.699657
,,,5.280563e-05,-1.59922
,,,5.281563e-05,-0.799608
,,,5.282563e-05,-0.699657
,,,5.283563e-05,-0.499755
,,,5.284563e-05,-1.39931
,,,5.285563e-05,-0.99951
,,,5.286563e-05,-1.29936
,,,5.287563e-05,-1.09946
,,,5.288563e-05,-1.09946
,,,5.289563e-05,-0.699657
,,,5.290563e-05,-1.09946
,,,5.291563e-05,-0.799608
,,,5.292563e-05,-0.799608
,,,5.293563e-05,-0.99951
,,,5.294563e-05,-0.899559
,,,5.295563e-05,-1.09946
,,,5.296563e-05,-1.29936
,,,5.297563e-05,-0.699657
,,,5.298563e-05,-0.99951
,,,5.299563e-05,-0.599706
,,,5.300563e-05,-1.19941
,,,5.301563e-05,-0.699657
,,,5.302563e-05,-0.499755
,,,5.303563e-05,-0.599706
,,,5.304563e-05,-0.799608
,,,5.305563e-05,-0.399804
,,,5.306563e-05,-1.09946
,,,5.307563e-05,-0.799608
,,,5.308563e-05,-1.29936
,,,5.309563e-05,-0.199902
,,,5.310563e-05,-0.699657
,,,5.311563e-05,-0.899559
,,,5.312563e-05,-1.19941
,,,5.313563e-05,-0.599706
,,,5.314563e-05,-1.19941
,,,5.315563e-05,-0.499755
,,,5.316563e-05,-1.19941
,,,5.317563e-05,-0.799608
,,,5.318563e-05,-0.899559
,,,5.319563e-05,-0.99951
,,,5.320563e-05,-1.19941
,,,5.321563e-05,-0.899559
,,,5.322563e-05,-1.19941
,,,5.323563e-05,-0.599706
,,,5.324563e-05,-1.49926
,,,5.325563e-05,-0.699657
,,,5.326563e-05,-0.99951
,,,5.327563e-05,-0.699657
,,,5.328563e-05,-1.09946
,,,5.329563e-05,-0.499755
,,,5.330563e-05,-0.599706
,,,5.331563e-05,-0.899559
,,,5.332563e-05,-0.499755
,,,5.333563e-05,-0.399804
,,,5.334563e-05,-1.19941
,,,5.335563e-05,-0.899559
,,,5.336563e-05,-1.29936
,,,5.337563e-05,-0.699657
,,,5.338563e-05,-0.899559
,,,5.339563e-05,-0.299853
,,,5.340563e-05,-1.19941
,,,5.341563e-05,-0.499755
,,,5.342563e-05,-0.99951
,,,5.343563e-05,-0.699657
,,,5.344563e-05,-1.19941
,,,5.345563e-05,-0.599706
,,,5.346563e-05,-0.99951
,,,5.347563e-05,-0.799608
,,,5.348563e-05,-0.99951
,,,5.349563e-05,-0.799608
,,,5.350563e-05,-0.699657
,,,5.351563e-05,-0.799608
,,,5.352563e-05,-0.99951
,,,5.353563e-05,-0.799608
,,,5.354563e-05,-1.09946
,,,5.355563e-05,-1.29936
,,,5.356563e-05,-0.899559
,,,5.357563e-05,-0.699657
,,,5.358563e-05,-0.799608
,,,5.359563e-05,-0.699657
,,,5.360563e-05,-1.39931
,,,5.361563e-05,-0.499755
,,,5.362563e-05,-0.799608
,,,5.363563e-05,-0.699657
,,,5.364563e-05,-1.09946
,,,5.365563e-05,-0.699657
,,,5.366563e-05,-0.699657
,,,5.367563e-05,-0.799608
,,,5.368563e-05,-0.899559
,,,5.369563e-05,-0.599706
,,,5.370563e-05,-0.699657
,,,5.371563e-05,-0.699657
,,,5.372563e-05,-0.99951
,,,5.373563e-05,-0.099951
,,,5.374563e-05,-0.799608
,,,5.375563e-05,-0.799608
,,,5.376563e-05,-0.99951
,,,5.377563e-05,-0.699657
,,,5.378563e-05,-0.99951
,,,5.379563e-05,-0.399804
,,,5.380563e-05,-1.19941
,,,5.381563e-05,-0.699657
,,,5.382563e-05,-0.799608
,,,5.383563e-05,-0.599706
,,,5.384563e-05,-1.29936
,,,5.385563e-05,-0.699657
,,,5.386563e-05,-0.599706
,,,5.387563e-05,-0.799608
,,,5.388563e-05,-1.29936
,,,5.389563e-05,-0.399804
,,,5.390563e-05,-1.19941
,,,5.391563e-05,-0.699657
,,,5.392563e-05,-1.19941
,,,5.393563e-05,-0.399804
,,,5.394563e-05,-1.29936
,,,5.395563e-05,-0.699657
,,,5.396563e-05,-1.09946
,,,5.397563e-05,-0.499755
,,,5.398563e-05,-1.19941
,,,5.399563e-05,-0.299853
,,,5.400563e-05,-0.99951
,,,5.401563e-05,-0.499755
,,,5.402563e-05,-1.19941
,,,5.403563e-05,-0.499755
,,,5.404563e-05,-1.29936
,,,5.405563e-05,-0.499755
,,,5.406563e-05,-0.899559
,,,5.407563e-05,-0.899559
,,,5.408563e-05,-0.799608
,,,5.409563e-05,-0.499755
,,,5.410563e-05,-0.899559
,,,5.411563e-05,-0.99951
,,,5.412563e-05,-0.899559
,,,5.413563e-05,-0.499755
,,,5.414563e-05,-0.99951
,,,5.415563e-05,-0.199902
,,,5.416563e-05,-0.99951
,,,5.417563e-05,-0.499755
,,,5.418563e-05,-1.19941
,,,5.419563e-05,-0.899559
,,,5.420563e-05,-0.899559
,,,5.421563e-05,-0.599706
,,,5.422563e-05,-1.09946
,,,5.423563e-05,-0.899559
,,,5.424563e-05,-0.899559
,,,5.425563e-05,-0.199902
,,,5.426563e-05,-0.499755
,,,5.427563e-05,-0.499755
,,,5.428563e-05,-1.09946
,,,5.429563e-05,-0.499755
,,,5.430563e-05,-1.19941
,,,5.431563e-05,-0.499755
,,,5.432563e-05,-0.799608
,,,5.433563e-05,-0.399804
,,,5.434563e-05,-0.799608
,,,5.435563e-05,-0.899559
,,,5.436563e-05,-0.699657
,,,5.437563e-05,-0.499755
,,,5.438563e-05,-0.899559
,,,5.439563e-05,-0.699657
,,,5.440563e-05,-0.799608
,,,5.441563e-05,-0.199902
,,,5.442563e-05,-0.899559
,,,5.443563e-05,-0.299853
,,,5.444563e-05,-0.899559
,,,5.445563e-05,-0.299853
,,,5.446563e-05,-0.799608
,,,5.447563e-05,-0.599706
,,,5.448563e-05,-0.699657
,,,5.449563e-05,-0.499755
,,,5.450563e-05,-0.799608
,,,5.451563e-05,-0.899559
,,,5.452563e-05,-0.899559
,,,5.453563e-05,-0.799608
,,,5.454563e-05,-0.99951
,,,5.455563e-05,-0.799608
,,,5.456563e-05,-0.699657
,,,5.457563e-05,-0.699657
,,,5.458563e-05,-0.599706
,,,5.459563e-05,-0.299853
,,,5.460563e-05,-0.799608
,,,5.461563e-05,-0.499755
,,,5.462563e-05,-0.499755
,,,5.463563e-05,-0.099951
,,,5.464563e-05,-0.99951
,,,5.465563e-05,-0.499755
,,,5.466563e-05,-1.29936
,,,5.467563e-05,-0.599706
,,,5.468563e-05,-1.19941
,,,5.469563e-05,-0.299853
,,,5.470563e-05,-0.699657
,,,5.471563e-05,-0.99951
,,,5.472563e-05,-0.99951
,,,5.473563e-05,-0.599706
,,,5.474563e-05,-0.599706
,,,5.475563e-05,-0.799608
,,,5.476563e-05,-0.799608
,,,5.477563e-05,-0.099951
,,,5.478563e-05,-0.799608
,,,5.479563e-05,-0.299853
,,,5.480563e-05,-0.899559
,,,5.481563e-05,-0.199902
,,,5.482563e-05,-0.599706
,,,5.483563e-05,-0.599706
,,,5.484563e-05,-0.799608
,,,5.485563e-05,-0.399804
,,,5.486563e-05,-0.699657
,,,5.487563e-05,-0.399804
,,,5.488563e-05,-0.799608
,,,5.489563e-05,-0.599706
,,,5.490563e-05,-0.799608
,,,5.491563e-05,-0.599706
,,,5.492563e-05,-0.99951
,,,5.493563e-05,-0.299853
,,,5.494563e-05,-0.599706
,,,5.495563e-05,-0.599706
,,,5.496563e-05,-1.09946
,,,5.497563e-05,-0.799608
,,,5.498563e-05,-0.399804
,,,5.499563e-05,-0.299853
,,,5.500563e-05,-0.599706
,,,5.501563e-05,-0.299853
,,,5.502563e-05,-0.99951
,,,5.503563e-05,-0.399804
,,,5.504563e-05,-1.29936
,,,5.505563e-05,-0.299853
,,,5.506563e-05,-0.599706
,,,5.507563e-05,-0.299853
,,,5.508563e-05,-1.29936
,,,5.509563e-05,-0.799608
,,,5.510563e-05,-0.699657
,,,5.511563e-05,-0.499755
,,,5.512563e-05,-0.799608
,,,5.513563e-05,-0.599706
,,,5.514563e-05,-0.699657
,,,5.515563e-05,-0.299853
,,,5.516563e-05,-1.09946
,,,5.517563e-05,-0.599706
,,,5.518563e-05,-0.799608
,,,5.519563e-05,-0.299853
,,,5.520563e-05,-0.499755
,,,5.521563e-05,-0.499755
,,,5.522563e-05,-1.09946
,,,5.523563e-05,-0.499755
,,,5.524563e-05,-0.899559
,,,5.525563e-05,-0.399804
,,,5.526563e-05,-1.39931
,,,5.527563e-05,-1.09946
,,,5.528563e-05,-0.899559
,,,5.529563e-05,-0.099951
,,,5.530563e-05,-0.599706
,,,5.531563e-05,-0.199902
,,,5.532563e-05,-1.09946
,,,5.533563e-05,-0.199902
,,,5.534563e-05,-0.899559
,,,5.535563e-05,-0.399804
,,,5.536563e-05,-0.699657
,,,5.537563e-05,-0.499755
,,,5.538563e-05,-0.499755
,,,5.539563e-05,-0.699657
,,,5.540563e-05,-0.799608
,,,5.541563e-05,-0.099951
,,,5.542563e-05,-0.499755
,,,5.543563e-05,-0.599706
,,,5.544563e-05,-0.99951
,,,5.545563e-05,-0.299853
,,,5.546563e-05,-0.199902
,,,5.547563e-05,-0.799608
,,,5.548563e-05,-1.09946
,,,5.549563e-05,-0.299853
,,,5.550563e-05,-0.599706
,,,5.551563e-05,-0.499755
,,,5.552563e-05,-0.899559
,,,5.553563e-05,-0.399804
,,,5.554563e-05,-0.799608
,,,5.555563e-05,-0.499755
,,,5.556563e-05,-0.599706
,,,5.557563e-05,-0.499755
,,,5.558563e-05,-0.599706
,,,5.559563e-05,-0.699657
,,,5.560563e-05,-0.699657
,,,5.561563e-05,-0.199902
,,,5.562563e-05,-0.799608
,,,5.563563e-05,-0.799608
,,,5.564563e-05,-0.699657
,,,5.565563e-05,-0.399804
,,,5.566563e-05,-0.899559
,,,5.567563e-05,-0.299853
,,,5.568563e-05,-0.799608
,,,5.569563e-05,-0.299853
,,,5.570563e-05,-0.499755
,,,5.571563e-05,-0.299853
,,,5.572563e-05,-0.799608
,,,5.573563e-05,-0.699657
,,,5.574563e-05,-0.99951
,,,5.575563e-05,-0.899559
,,,5.576563e-05,-1.09946
,,,5.577563e-05,-0.099951
,,,5.578563e-05,-0.599706
,,,5.579563e-05,-0.899559
,,,5.580563e-05,-0.799608
,,,5.581563e-05,-0.299853
,,,5.582563e-05,-0.899559
,,,5.583563e-05,-0.899559
,,,5.584563e-05,-0.799608
,,,5.585563e-05,-0.499755
,,,5.586563e-05,-0.799608
,,,5.587563e-05,-0.299853
,,,5.588563e-05,-0.99951
,,,5.589563e-05,-0.099951
,,,5.590563e-05,-0.599706
,,,5.591563e-05,-0.199902
,,,5.592563e-05,-1.29936
,,,5.593563e-05,-0.499755
,,,5.594563e-05,-0.899559
,,,5.595563e-05,-0.899559
,,,5.596563e-05,-0.599706
,,,5.597563e-05,-0.299853
,,,5.598563e-05,-1.09946
,,,5.599563e-05,-0.599706
,,,5.600563e-05,-1.29936
,,,5.601563e-05,-0.399804
,,,5.602563e-05,-0.899559
,,,5.603563e-05,-0.399804
,,,5.604563e-05,-0.499755
,,,5.605563e-05,-0.199902
,,,5.606563e-05,-0.799608
,,,5.607563e-05,-0.699657
,,,5.608563e-05,-1.09946
,,,5.609563e-05,-0.099951
,,,5.610563e-05,-0.599706
,,,5.611563e-05,-0.399804
,,,5.612563e-05,-0.799608
,,,5.613563e-05,-0.199902
,,,5.614563e-05,-0.499755
,,,5.615563e-05,-0.499755
,,,5.616563e-05,-0.599706
,,,5.617563e-05,-0.599706
,,,5.618563e-05,-0.499755
,,,5.619563e-05,-0.599706
,,,5.620563e-05,-0.99951
,,,5.621563e-05,-0.299853
,,,5.622563e-05,-0.599706
,,,5.623563e-05,-0.599706
,,,5.624563e-05,-0.499755
,,,5.625563e-05,-3.37508e-14
,,,5.626563e-05,-0.699657
,,,5.627563e-05,-0.799608
,,,5.628563e-05,-0.799608
,,,5.629563e-05,-0.499755
,,,5.630563e-05,-0.199902
,,,5.631563e-05,-0.599706
,,,5.632563e-05,-0.899559
,,,5.633563e-05,-0.099951
,,,5.634563e-05,-0.799608
,,,5.635563e-05,-0.199902
,,,5.636563e-05,-0.599706
,,,5.637563e-05,-0.199902
,,,5.638563e-05,-0.799608
,,,5.639563e-05,-0.599706
,,,5.640563e-05,-0.799608
,,,5.641563e-05,-0.099951
,,,5.642563e-05,-0.799608
,,,5.643563e-05,-0.199902
,,,5.644563e-05,-0.899559
,,,5.645563e-05,-3.37508e-14
,,,5.646563e-05,-0.299853
,,,5.647563e-05,-0.299853
,,,5.648563e-05,-0.799608
,,,5.649563e-05,-3.37508e-14
,,,5.650563e-05,-0.599706
,,,5.651563e-05,-0.599706
,,,5.652563e-05,-1.09946
,,,5.653563e-05,-0.099951
,,,5.654563e-05,-0.699657
,,,5.655563e-05,-0.499755
,,,5.656563e-05,-0.699657
,,,5.657563e-05,-0.199902
,,,5.658563e-05,-0.99951
,,,5.659563e-05,-0.799608
,,,5.660563e-05,-0.99951
,,,5.661563e-05,-0.199902
,,,5.662563e-05,-0.199902
,,,5.663563e-05,-0.399804
,,,5.664563e-05,-0.899559
,,,5.665563e-05,-0.199902
,,,5.666563e-05,-0.299853
,,,5.667563e-05,-0.299853
,,,5.668563e-05,-0.99951
,,,5.669563e-05,-0.399804
,,,5.670563e-05,-0.899559
,,,5.671563e-05,-0.599706
,,,5.672563e-05,-0.99951
,,,5.673563e-05,-0.299853
,,,5.674563e-05,-0.799608
,,,5.675563e-05,-1.19941
,,,5.676563e-05,-0.899559
,,,5.677563e-05,-0.499755
,,,5.678563e-05,-0.599706
,,,5.679563e-05,-0.499755
,,,5.680563e-05,-0.899559
,,,5.681563e-05,-0.599706
,,,5.682563e-05,-0.699657
,,,5.683563e-05,-0.599706
,,,5.684563e-05,-0.899559
,,,5.685563e-05,-0.299853
,,,5.686563e-05,-0.599706
,,,5.687563e-05,-0.299853
,,,5.688563e-05,-0.99951
,,,5.689563e-05,-0.599706
,,,5.690563e-05,-0.699657
,,,5.691563e-05,-0.399804
,,,5.692563e-05,-0.799608
,,,5.693563e-05,-0.499755
,,,5.694563e-05,-0.699657
,,,5.695563e-05,-0.699657
,,,5.696563e-05,-0.699657
,,,5.697563e-05,-0.599706
,,,5.698563e-05,-0.699657
,,,5.699563e-05,-0.399804
,,,5.700563e-05,-0.499755
,,,5.701563e-05,-0.299853
,,,5.702563e-05,-0.699657
,,,5.703563e-05,-0.499755
,,,5.704563e-05,-0.799608
,,,5.705563e-05,-0.799608
,,,5.706563e-05,-0.899559
,,,5.707563e-05,-0.399804
,,,5.708563e-05,-1.39931
,,,5.709563e-05,-0.399804
,,,5.710563e-05,-0.799608
,,,5.711563e-05,-0.299853
,,,5.712563e-05,-0.599706
,,,5.713563e-05,-0.499755
,,,5.714563e-05,-0.799608
,,,5.715563e-05,-0.399804
,,,5.716563e-05,-0.899559
,,,5.717563e-05,-0.599706
,,,5.718563e-05,-0.399804
,,,5.719563e-05,-0.499755
,,,5.720563e-05,-0.899559
,,,5.721563e-05,-0.299853
,,,5.722563e-05,-0.799608
,,,5.723563e-05,-0.499755
,,,5.724563e-05,-0.799608
,,,5.725563e-05,-0.199902
,,,5.726563e-05,-0.499755
,,,5.727563e-05,-0.499755
,,,5.728563e-05,-0.99951
,,,5.729563e-05,-0.199902
,,,5.730563e-05,-0.599706
,,,5.731563e-05,-0.399804
,,,5.732563e-05,-1.19941
,,,5.733563e-05,-0.499755
,,,5.734563e-05,-0.799608
,,,5.735563e-05,-0.699657
,,,5.736563e-05,-1.09946
,,,5.737563e-05,-0.99951
,,,5.738563e-05,-0.799608
,,,5.739563e-05,-0.799608
,,,5.740563e-05,-0.899559
,,,5.741563e-05,-0.099951
,,,5.742563e-05,-0.799608
,,,5.743563e-05,-0.399804
,,,5.744563e-05,-1.09946
,,,5.745563e-05,-0.599706
,,,5.746563e-05,-0.299853
,,,5.747563e-05,-1.09946
,,,5.748563e-05,-0.699657
,,,5.749563e-05,-0.399804
,,,5.750563e-05,-0.99951
,,,5.751563e-05,-0.599706
,,,5.752563e-05,-0.99951
,,,5.753563e-05,-0.399804
,,,5.754563e-05,-0.399804
,,,5.755563e-05,-0.499755
,,,5.756563e-05,-0.899559
,,,5.757563e-05,-0.399804
,,,5.758563e-05,-0.99951
,,,5.759563e-05,-0.99951
,,,5.760563e-05,-1.09946
,,,5.761563e-05,-0.399804
,,,5.762563e-05,-0.599706
,,,5.763563e-05,-0.399804
,,,5.764563e-05,-0.899559
,,,5.765563e-05,-0.599706
,,,5.766563e-05,-0.499755
,,,5.767563e-05,-0.599706
,,,5.768563e-05,-0.899559
,,,5.769563e-05,-0.299853
,,,5.770563e-05,-0.899559
,,,5.771563e-05,-0.599706
,,,5.772563e-05,-1.09946
,,,5.773563e-05,-0.399804
,,,5.774563e-05,-0.399804
,,,5.775563e-05,-0.399804
,,,5.776563e-05,-0.899559
,,,5.777563e-05,-0.099951
,,,5.778563e-05,-0.499755
,,,5.779563e-05,-0.199902
,,,5.780563e-05,-0.899559
,,,5.781563e-05,-0.199902
,,,5.782563e-05,-0.899559
,,,5.783563e-05,-0.399804
,,,5.784563e-05,-1.19941
,,,5.785563e-05,-0.899559
,,,5.786563e-05,-0.599706
,,,5.787563e-05,-0.699657
,,,5.788563e-05,-1.09946
,,,5.789563e-05,-0.399804
,,,5.790563e-05,-0.699657
,,,5.791563e-05,-0.499755
,,,5.792563e-05,-1.09946
,,,5.793563e-05,-0.299853
,,,5.794563e-05,-0.899559
,,,5.795563e-05,-0.599706
,,,5.796563e-05,-0.499755
,,,5.797563e-05,-3.37508e-14
,,,5.798563e-05,-0.699657
,,,5.799563e-05,-0.799608
,,,5.800563e-05,-1.29936
,,,5.801563e-05,-0.599706
,,,5.802563e-05,-0.899559
,,,5.803563e-05,-0.399804
,,,5.804563e-05,-0.899559
,,,5.805563e-05,-0.099951
,,,5.806563e-05,-0.699657
,,,5.807563e-05,-0.799608
,,,5.808563e-05,-0.699657
,,,5.809563e-05,-0.499755
,,,5.810563e-05,-0.99951
,,,5.811563e-05,-0.99951
,,,5.812563e-05,-1.29936
,,,5.813563e-05,-0.499755
,,,5.814563e-05,-0.99951
,,,5.815563e-05,-0.599706
,,,5.816563e-05,-0.899559
,,,5.817563e-05,-0.499755
,,,5.818563e-05,-0.799608
,,,5.819563e-05,-0.99951
,,,5.820563e-05,-0.899559
,,,5.821563e-05,-0.199902
,,,5.822563e-05,-0.99951
,,,5.823563e-05,-0.599706
,,,5.824563e-05,-1.29936
,,,5.825563e-05,-0.699657
,,,5.826563e-05,-0.699657
,,,5.827563e-05,-0.599706
,,,5.828563e-05,-1.19941
,,,5.829563e-05,-0.099951
,,,5.830563e-05,-0.499755
,,,5.831563e-05,-0.699657
,,,5.832563e-05,-1.19941
,,,5.833563e-05,-0.299853
,,,5.834563e-05,-0.499755
,,,5.835563e-05,-0.699657
,,,5.836563e-05,-0.899559
,,,5.837563e-05,-0.599706
,,,5.838563e-05,-0.99951
,,,5.839563e-05,-0.699657
,,,5.840563e-05,-0.99951
,,,5.841563e-05,-0.499755
,,,5.842563e-05,-1.29936
,,,5.843563e-05,-0.99951
,,,5.844563e-05,-0.799608
,,,5.845563e-05,-0.299853
,,,5.846563e-05,-0.99951
,,,5.847563e-05,-0.799608
,,,5.848563e-05,-1.19941
,,,5.849563e-05,-0.599706
,,,5.850563e-05,-0.599706
,,,5.851563e-05,-0.799608
,,,5.852563e-05,-1.09946
,,,5.853563e-05,-0.499755
,,,5.854563e-05,-0.899559
,,,5.855563e-05,-0.99951
,,,5.856563e-05,-1.09946
,,,5.857563e-05,-0.499755
,,,5.858563e-05,-0.299853
,,,5.859563e-05,-0.99951
,,,5.860563e-05,-0.899559
,,,5.861563e-05,-0.299853
,,,5.862563e-05,-0.499755
,,,5.863563e-05,-0.99951
,,,5.864563e-05,-1.09946
,,,5.865563e-05,-3.37508e-14
,,,5.866563e-05,-0.599706
,,,5.867563e-05,-1.19941
,,,5.868563e-05,-0.299853
,,,5.869563e-05,-0.099951
,,,5.870563e-05,-0.499755
,,,5.871563e-05,-0.499755
,,,5.872563e-05,-0.799608
,,,5.873563e-05,-0.299853
,,,5.874563e-05,-0.699657
,,,5.875563e-05,-0.399804
,,,5.876563e-05,-1.19941
,,,5.877563e-05,-0.599706
,,,5.878563e-05,-0.699657
,,,5.879563e-05,-0.299853
,,,5.880563e-05,-1.19941
,,,5.881563e-05,-0.399804
,,,5.882563e-05,-0.899559
,,,5.883563e-05,-0.899559
,,,5.884563e-05,-0.799608
,,,5.885563e-05,-0.699657
,,,5.886563e-05,-0.799608
,,,5.887563e-05,-0.299853
,,,5.888563e-05,-1.09946
,,,5.889563e-05,-0.299853
,,,5.890563e-05,-0.799608
,,,5.891563e-05,-0.799608
,,,5.892563e-05,-0.99951
,,,5.893563e-05,-0.399804
,,,5.894563e-05,-0.299853
,,,5.895563e-05,-0.899559
,,,5.896563e-05,-1.19941
,,,5.897563e-05,-0.699657
,,,5.898563e-05,-0.899559
,,,5.899563e-05,-0.799608
,,,5.900563e-05,-1.09946
,,,5.901563e-05,-0.399804
,,,5.902563e-05,-0.899559
,,,5.903563e-05,-1.19941
,,,5.904563e-05,-0.99951
,,,5.905563e-05,-0.399804
,,,5.906563e-05,-0.799608
,,,5.907563e-05,-0.399804
,,,5.908563e-05,-0.99951
,,,5.909563e-05,-0.199902
,,,5.910563e-05,-1.09946
,,,5.911563e-05,-0.699657
,,,5.912563e-05,-1.19941
,,,5.913563e-05,-0.499755
,,,5.914563e-05,-0.799608
,,,5.915563e-05,-0.799608
,,,5.916563e-05,-0.699657
,,,5.917563e-05,-0.799608
,,,5.918563e-05,-0.899559
,,,5.919563e-05,-0.499755
,,,5.920563e-05,-0.99951
,,,5.921563e-05,-0.599706
,,,5.922563e-05,-0.99951
,,,5.923563e-05,-0.99951
,,,5.924563e-05,-0.99951
,,,5.925563e-05,-0.399804
,,,5.926563e-05,-0.799608
,,,5.927563e-05,-0.799608
,,,5.928563e-05,-1.09946
,,,5.929563e-05,-0.99951
,,,5.930563e-05,-0.799608
,,,5.931563e-05,-0.599706
,,,5.932563e-05,-1.29936
,,,5.933563e-05,-0.699657
,,,5.934563e-05,-1.09946
,,,5.935563e-05,-0.899559
,,,5.936563e-05,-1.29936
,,,5.937563e-05,-0.299853
,,,5.938563e-05,-0.99951
,,,5.939563e-05,-0.499755
,,,5.940563e-05,-1.09946
,,,5.941563e-05,-0.499755
,,,5.942563e-05,-0.899559
,,,5.943563e-05,-0.699657
,,,5.944563e-05,-1.19941
,,,5.945563e-05,-0.399804
,,,5.946563e-05,-0.799608
,,,5.947563e-05,-0.699657
,,,5.948563e-05,-0.899559
,,,5.949563e-05,-0.499755
,,,5.950563e-05,-0.699657
,,,5.951563e-05,-0.799608
,,,5.952563e-05,-1.29936
,,,5.953563e-05,-0.799608
,,,5.954563e-05,-0.499755
,,,5.955563e-05,-0.399804
,,,5.956563e-05,-0.899559
,,,5.957563e-05,-0.199902
,,,5.958563e-05,-0.899559
,,,5.959563e-05,-0.599706
,,,5.960563e-05,-0.99951
,,,5.961563e-05,-0.599706
,,,5.962563e-05,-0.799608
,,,5.963563e-05,-1.19941
,,,5.964563e-05,-1.19941
,,,5.965563e-05,-0.699657
,,,5.966563e-05,-0.799608
,,,5.967563e-05,-0.599706
,,,5.968563e-05,-0.699657
,,,5.969563e-05,-0.599706
,,,5.970563e-05,-0.599706
,,,5.971563e-05,-0.399804
,,,5.972563e-05,-0.99951
,,,5.973563e-05,-0.499755
,,,5.974563e-05,-0.399804
,,,5.975563e-05,-0.199902
,,,5.976563e-05,-0.799608
,,,5.977563e-05,-0.499755
,,,5.978563e-05,-0.599706
,,,5.979563e-05,-0.699657
,,,5.980563e-05,-0.899559
,,,5.981563e-05,-0.699657
,,,5.982563e-05,-0.699657
,,,5.983563e-05,-0.399804
,,,5.984563e-05,-0.799608
,,,5.985563e-05,-0.499755
,,,5.986563e-05,-0.899559
,,,5.987563e-05,-0.699657
,,,5.988563e-05,-1.39931
,,,5.989563e-05,-0.399804
,,,5.990563e-05,-0.699657
,,,5.991563e-05,-0.199902
,,,5.992563e-05,-1.09946
,,,5.993563e-05,-0.399804
,,,5.994563e-05,-0.399804
,,,5.995563e-05,-0.599706
,,,5.996563e-05,-1.39931
,,,5.997563e-05,-0.899559
,,,5.998563e-05,-0.899559
,,,5.999563e-05,-0.699657
,,,6.000563e-05,-0.99951
,,,6.001563e-05,-0.399804
,,,6.002563e-05,-0.799608
,,,6.003563e-05,-0.499755
,,,6.004563e-05,-1.19941
,,,6.005563e-05,-0.399804
,,,6.006563e-05,-0.499755
,,,6.007563e-05,-0.799608
,,,6.008563e-05,-1.09946
,,,6.009563e-05,-0.199902
,,,6.010563e-05,-0.699657
,,,6.011563e-05,-0.599706
,,,6.012563e-05,-0.99951
,,,6.013563e-05,-0.499755
,,,6.014563e-05,-0.699657
,,,6.015563e-05,-0.699657
,,,6.016563e-05,-1.19941
,,,6.017563e-05,-0.199902
,,,6.018563e-05,-0.799608
,,,6.019563e-05,-0.199902
,,,6.020563e-05,-0.199902
,,,6.021563e-05,-0.399804
,,,6.022563e-05,-0.599706
,,,6.023563e-05,-0.799608
,,,6.024563e-05,-0.99951
,,,6.025563e-05,-0.099951
,,,6.026563e-05,-0.499755
,,,6.027563e-05,-0.299853
,,,6.028563e-05,-0.899559
,,,6.029563e-05,-0.699657
,,,6.030563e-05,-0.599706
,,,6.031563e-05,-1.09946
,,,6.032563e-05,-0.899559
,,,6.033563e-05,-0.199902
,,,6.034563e-05,-0.799608
,,,6.035563e-05,-0.399804
,,,6.036563e-05,-0.799608
,,,6.037563e-05,-0.099951
,,,6.038563e-05,-0.799608
,,,6.039563e-05,-0.899559
,,,6.040563e-05,-0.799608
,,,6.041563e-05,-0.699657
,,,6.042563e-05,-0.899559
,,,6.043563e-05,-0.399804
,,,6.044563e-05,-1.19941
,,,6.045563e-05,-0.199902
,,,6.046563e-05,-0.99951
,,,6.047563e-05,-0.599706
,,,6.048563e-05,-1.19941
,,,6.049563e-05,-0.599706
,,,6.050563e-05,-0.399804
,,,6.051563e-05,-0.599706
,,,6.052563e-05,-0.499755
,,,6.053563e-05,-0.799608
,,,6.054563e-05,-0.899559
,,,6.055563e-05,-0.499755
,,,6.056563e-05,-0.699657
,,,6.057563e-05,-0.299853
,,,6.058563e-05,-0.799608
,,,6.059563e-05,-0.699657
,,,6.060563e-05,-0.599706
,,,6.061563e-05,-0.599706
,,,6.062563e-05,-0.299853
,,,6.063563e-05,-0.299853
,,,6.064563e-05,-0.799608
,,,6.065563e-05,-0.899559
,,,6.066563e-05,-0.899559
,,,6.067563e-05,-0.899559
,,,6.068563e-05,-1.29936
,,,6.069563e-05,-0.499755
,,,6.070563e-05,-0.899559
,,,6.071563e-05,-0.599706
,,,6.072563e-05,-0.799608
,,,6.073563e-05,-0.199902
,,,6.074563e-05,-0.499755
,,,6.075563e-05,-0.499755
,,,6.076563e-05,-0.799608
,,,6.077563e-05,-0.399804
,,,6.078563e-05,-0.399804
,,,6.079563e-05,-0.399804
,,,6.080563e-05,-0.899559
,,,6.081563e-05,-0.399804
,,,6.082563e-05,-0.199902
,,,6.083563e-05,-0.599706
,,,6.084563e-05,-0.899559
,,,6.085563e-05,-0.599706
,,,6.086563e-05,-0.699657
,,,6.087563e-05,-3.37508e-14
,,,6.088563e-05,-0.599706
,,,6.089563e-05,-0.699657
,,,6.090563e-05,-0.899559
,,,6.091563e-05,-0.599706
,,,6.092563e-05,-0.99951
,,,6.093563e-05,-0.199902
,,,6.094563e-05,-0.699657
,,,6.095563e-05,-0.399804
,,,6.096563e-05,-1.09946
,,,6.097563e-05,-3.37508e-14
,,,6.098563e-05,-0.799608
,,,6.099563e-05,-0.799608
,,,6.100563e-05,-0.799608
,,,6.101563e-05,-0.099951
,,,6.102563e-05,-0.699657
,,,6.103563e-05,-1.19941
,,,6.104563e-05,-0.599706
,,,6.105563e-05,-0.299853
,,,6.106563e-05,-0.799608
,,,6.107563e-05,-0.299853
,,,6.108563e-05,-0.699657
,,,6.109563e-05,-0.599706
,,,6.110563e-05,-0.699657
,,,6.111563e-05,-0.799608
,,,6.112563e-05,-1.09946
,,,6.113563e-05,0.099951
,,,6.114563e-05,-0.799608
,,,6.115563e-05,-0.599706
,,,6.116563e-05,-0.799608
,,,6.117563e-05,-0.499755
,,,6.118563e-05,-0.799608
,,,6.119563e-05,-0.399804
,,,6.120563e-05,-0.99951
,,,6.121563e-05,-0.199902
,,,6.122563e-05,-0.899559
,,,6.123563e-05,-0.499755
,,,6.124563e-05,-0.99951
,,,6.125563e-05,0.099951
,,,6.126563e-05,-0.799608
,,,6.127563e-05,-0.899559
,,,6.128563e-05,-0.99951
,,,6.129563e-05,-0.399804
,,,6.130563e-05,-0.199902
,,,6.131563e-05,-0.699657
,,,6.132563e-05,-1.09946
,,,6.133563e-05,-0.499755
,,,6.134563e-05,-0.499755
,,,6.135563e-05,-0.499755
,,,6.136563e-05,-0.699657
,,,6.137563e-05,-0.499755
,,,6.138563e-05,-0.799608
,,,6.139563e-05,-0.799608
,,,6.140563e-05,-1.19941
,,,6.141563e-05,-0.299853
,,,6.142563e-05,-0.299853
,,,6.143563e-05,-0.699657
,,,6.144563e-05,-0.699657
,,,6.145563e-05,-0.499755
,,,6.146563e-05,-0.499755
,,,6.147563e-05,-0.299853
,,,6.148563e-05,-0.99951
,,,6.149563e-05,-0.199902
,,,6.150563e-05,-0.699657
,,,6.151563e-05,-0.899559
,,,6.152563e-05,-0.799608
,,,6.153563e-05,-0.199902
,,,6.154563e-05,-0.799608
,,,6.155563e-05,-0.099951
,,,6.156563e-05,-0.899559
,,,6.157563e-05,-0.099951
,,,6.158563e-05,-0.799608
,,,6.159563e-05,-0.799608
,,,6.160563e-05,-0.699657
,,,6.161563e-05,-0.399804
,,,6.162563e-05,-0.899559
,,,6.163563e-05,-0.799608
,,,6.164563e-05,-1.19941
,,,6.165563e-05,-0.499755
,,,6.166563e-05,-0.799608
,,,6.167563e-05,-0.499755
,,,6.168563e-05,-0.899559
,,,6.169563e-05,-0.199902
,,,6.170563e-05,-0.699657
,,,6.171563e-05,-0.199902
,,,6.172563e-05,-0.99951
,,,6.173563e-05,-0.499755
,,,6.174563e-05,-0.399804
,,,6.175563e-05,-0.599706
,,,6.176563e-05,-0.499755
,,,6.177563e-05,-0.199902
,,,6.178563e-05,-0.699657
,,,6.179563e-05,-0.499755
,,,6.180563e-05,-0.99951
,,,6.181563e-05,-0.399804
,,,6.182563e-05,-0.499755
,,,6.183563e-05,-0.799608
,,,6.184563e-05,-0.799608
,,,6.185563e-05,-0.499755
,,,6.186563e-05,-0.699657
,,,6.187563e-05,-0.399804
,,,6.188563e-05,-0.599706
,,,6.189563e-05,-0.599706
,,,6.190563e-05,-0.699657
,,,6.191563e-05,-0.699657
,,,6.192563e-05,-0.699657
,,,6.193563e-05,-0.699657
,,,6.194563e-05,-0.499755
,,,6.195563e-05,-0.399804
,,,6.196563e-05,-0.99951
,,,6.197563e-05,0.099951
,,,6.198563e-05,-0.699657
,,,6.199563e-05,-0.599706
,,,6.200563e-05,-0.599706
,,,6.201563e-05,0.099951
,,,6.202563e-05,-0.399804
,,,6.203563e-05,-3.37508e-14
,,,6.204563e-05,-0.799608
,,,6.205563e-05,-0.499755
,,,6.206563e-05,-0.499755
,,,6.207563e-05,-0.099951
,,,6.208563e-05,-0.899559
,,,6.209563e-05,-0.499755
,,,6.210563e-05,-0.899559
,,,6.211563e-05,-0.299853
,,,6.212563e-05,-0.399804
,,,6.213563e-05,-0.199902
,,,6.214563e-05,-0.799608
,,,6.215563e-05,0.099951
,,,6.216563e-05,-0.99951
,,,6.217563e-05,-0.499755
,,,6.218563e-05,-0.699657
,,,6.219563e-05,-0.499755
,,,6.220563e-05,-0.699657
,,,6.221563e-05,-0.299853
,,,6.222563e-05,-0.699657
,,,6.223563e-05,-0.199902
,,,6.224563e-05,-1.19941
,,,6.225563e-05,0.199902
,,,6.226563e-05,-0.599706
,,,6.227563e-05,-0.699657
,,,6.228563e-05,-0.499755
,,,6.229563e-05,0.299853
,,,6.230563e-05,-0.599706
,,,6.231563e-05,-0.699657
,,,6.232563e-05,-0.399804
,,,6.233563e-05,-0.199902
,,,6.234563e-05,-0.399804
,,,6.235563e-05,-0.299853
,,,6.236563e-05,-0.799608
,,,6.237563e-05,-0.199902
,,,6.238563e-05,-0.599706
,,,6.239563e-05,-0.399804
,,,6.240563e-05,-0.699657
,,,6.241563e-05,-0.299853
,,,6.242563e-05,-0.599706
,,,6.243563e-05,-0.699657
,,,6.244563e-05,-0.799608
,,,6.245563e-05,-0.599706
,,,6.246563e-05,-0.699657
,,,6.247563e-05,-0.599706
,,,6.248563e-05,-0.99951
,,,6.249563e-05,-0.399804
,,,6.250563e-05,-0.899559
,,,6.251563e-05,-0.399804
,,,6.252563e-05,-0.99951
,,,6.253563e-05,-0.399804
,,,6.254563e-05,-0.799608
,,,6.255563e-05,-1.09946
,,,6.256563e-05,-0.599706
,,,6.257563e-05,-0.099951
,,,6.258563e-05,-0.799608
,,,6.259563e-05,-0.199902
,,,6.260563e-05,-0.899559
,,,6.261563e-05,-0.299853
,,,6.262563e-05,-0.699657
,,,6.263563e-05,-0.399804
,,,6.264563e-05,-0.499755
,,,6.265563e-05,-0.299853
,,,6.266563e-05,-0.599706
,,,6.267563e-05,-0.299853
,,,6.268563e-05,-0.499755
,,,6.269563e-05,-0.199902
,,,6.270563e-05,-0.499755
,,,6.271563e-05,-0.399804
,,,6.272563e-05,-0.99951
,,,6.273563e-05,-0.299853
,,,6.274563e-05,-0.699657
,,,6.275563e-05,-0.399804
,,,6.276563e-05,-0.99951
,,,6.277563e-05,-0.199902
,,,6.278563e-05,-0.499755
,,,6.279563e-05,-0.599706
,,,6.280563e-05,-0.99951
,,,6.281563e-05,-0.499755
,,,6.282563e-05,-0.599706
,,,6.283563e-05,-0.399804
,,,6.284563e-05,-0.599706
,,,6.285563e-05,-0.499755
,,,6.286563e-05,-0.599706
,,,6.287563e-05,-0.299853
,,,6.288563e-05,-0.499755
,,,6.289563e-05,-0.499755
,,,6.290563e-05,-0.799608
,,,6.291563e-05,-0.399804
,,,6.292563e-05,-0.899559
,,,6.293563e-05,-0.499755
,,,6.294563e-05,-1.29936
,,,6.295563e-05,-0.399804
,,,6.296563e-05,-0.899559
,,,6.297563e-05,-0.499755
,,,6.298563e-05,-0.399804
,,,6.299563e-05,-0.699657
,,,6.300563e-05,-1.09946
,,,6.301563e-05,-0.299853
,,,6.302563e-05,-0.899559
,,,6.303563e-05,-0.299853
,,,6.304563e-05,-0.899559
,,,6.305563e-05,-3.37508e-14
,,,6.306563e-05,-0.699657
,,,6.307563e-05,-0.399804
,,,6.308563e-05,-0.599706
,,,6.309563e-05,-0.199902
,,,6.310563e-05,-0.599706
,,,6.311563e-05,-0.699657
,,,6.312563e-05,-0.799608
,,,6.313563e-05,0.299853
,,,6.314563e-05,-0.599706
,,,6.315563e-05,-0.599706
,,,6.316563e-05,-0.399804
,,,6.317563e-05,-0.299853
,,,6.318563e-05,-0.499755
,,,6.319563e-05,-3.37508e-14
,,,6.320563e-05,-0.699657
,,,6.321563e-05,-0.299853
,,,6.322563e-05,-0.399804
,,,6.323563e-05,-0.299853
,,,6.324563e-05,-0.399804
,,,6.325563e-05,0.199902
,,,6.326563e-05,-0.599706
,,,6.327563e-05,-0.499755
,,,6.328563e-05,-0.699657
,,,6.329563e-05,-0.599706
,,,6.330563e-05,-0.899559
,,,6.331563e-05,-0.099951
,,,6.332563e-05,-0.699657
,,,6.333563e-05,-0.399804
,,,6.334563e-05,-0.699657
,,,6.335563e-05,-0.499755
,,,6.336563e-05,-0.799608
,,,6.337563e-05,-0.299853
,,,6.338563e-05,-0.99951
,,,6.339563e-05,-0.499755
,,,6.340563e-05,-0.799608
,,,6.341563e-05,-0.099951
,,,6.342563e-05,-0.699657
,,,6.343563e-05,-0.199902
,,,6.344563e-05,-0.699657
,,,6.345563e-05,-0.499755
,,,6.346563e-05,-0.499755
,,,6.347563e-05,-0.199902
,,,6.348563e-05,-0.799608
,,,6.349563e-05,-0.599706
,,,6.350563e-05,-0.599706
,,,6.351563e-05,-0.299853
,,,6.352563e-05,-0.799608
,,,6.353563e-05,-0.499755
,,,6.354563e-05,-0.399804
,,,6.355563e-05,-0.699657
,,,6.356563e-05,-0.99951
,,,6.357563e-05,-0.399804
,,,6.358563e-05,-0.699657
,,,6.359563e-05,-0.699657
,,,6.360563e-05,-0.899559
,,,6.361563e-05,-0.299853
,,,6.362563e-05,-0.699657
,,,6.363563e-05,-0.699657
,,,6.364563e-05,-0.299853
,,,6.365563e-05,-0.499755
,,,6.366563e-05,-0.599706
,,,6.367563e-05,-0.399804
,,,6.368563e-05,-0.599706
,,,6.369563e-05,-3.37508e-14
,,,6.370563e-05,-0.699657
,,,6.371563e-05,-0.599706
,,,6.372563e-05,-0.899559
,,,6.373563e-05,-0.199902
,,,6.374563e-05,-0.599706
,,,6.375563e-05,-0.699657
,,,6.376563e-05,-0.699657
,,,6.377563e-05,-0.199902
,,,6.378563e-05,-0.599706
,,,6.379563e-05,-0.299853
,,,6.380563e-05,-0.699657
,,,6.381563e-05,0.199902
,,,6.382563e-05,-0.399804
,,,6.383563e-05,-0.199902
,,,6.384563e-05,-0.799608
,,,6.385563e-05,-0.399804
,,,6.386563e-05,-0.899559
,,,6.387563e-05,0.099951
,,,6.388563e-05,-0.899559
,,,6.389563e-05,-0.099951
,,,6.390563e-05,-0.699657
,,,6.391563e-05,-0.099951
,,,6.392563e-05,-0.899559
,,,6.393563e-05,-0.199902
,,,6.394563e-05,-0.799608
,,,6.395563e-05,-0.599706
,,,6.396563e-05,-0.799608
,,,6.397563e-05,-3.37508e-14
,,,6.398563e-05,-0.799608
,,,6.399563e-05,-0.499755
,,,6.400563e-05,-0.799608
,,,6.401563e-05,-0.299853
,,,6.402563e-05,-0.399804
,,,6.403563e-05,-0.399804
,,,6.404563e-05,-0.899559
,,,6.405563e-05,-0.399804
,,,6.406563e-05,-0.799608
,,,6.407563e-05,-0.499755
,,,6.408563e-05,-0.899559
,,,6.409563e-05,-0.499755
,,,6.410563e-05,-0.699657
,,,6.411563e-05,-0.699657
,,,6.412563e-05,-0.699657
,,,6.413563e-05,-0.199902
,,,6.414563e-05,-0.899559
,,,6.415563e-05,-0.99951
,,,6.416563e-05,-0.99951
,,,6.417563e-05,-0.199902
,,,6.418563e-05,-0.599706
,,,6.419563e-05,-0.199902
,,,6.420563e-05,-0.799608
,,,6.421563e-05,-0.199902
,,,6.422563e-05,-0.499755
,,,6.423563e-05,-0.299853
,,,6.424563e-05,-0.99951
,,,6.425563e-05,-0.299853
,,,6.426563e-05,-0.299853
,,,6.427563e-05,-0.599706
,,,6.428563e-05,-0.699657
,,,6.429563e-05,-0.199902
,,,6.430563e-05,-0.699657
,,,6.431563e-05,-0.399804
,,,6.432563e-05,-0.399804
,,,6.433563e-05,-0.299853
,,,6.434563e-05,-0.499755
,,,6.435563e-05,-0.399804
,,,6.436563e-05,-0.399804
,,,6.437563e-05,-0.199902
,,,6.438563e-05,-0.599706
,,,6.439563e-05,-0.299853
,,,6.440563e-05,-0.599706
,,,6.441563e-05,-0.199902
,,,6.442563e-05,-0.899559
,,,6.443563e-05,-0.799608
,,,6.444563e-05,-0.699657
,,,6.445563e-05,-3.37508e-14
,,,6.446563e-05,-0.699657
,,,6.447563e-05,-0.099951
,,,6.448563e-05,-0.799608
,,,6.449563e-05,-0.099951
,,,6.450563e-05,-0.499755
,,,6.451563e-05,-0.299853
,,,6.452563e-05,-0.699657
,,,6.453563e-05,0.099951
,,,6.454563e-05,-0.599706
,,,6.455563e-05,-0.499755
,,,6.456563e-05,-0.899559
,,,6.457563e-05,-0.599706
,,,6.458563e-05,-0.699657
,,,6.459563e-05,-0.599706
,,,6.460563e-05,-0.799608
,,,6.461563e-05,0.099951
,,,6.462563e-05,-0.499755
,,,6.463563e-05,-0.199902
,,,6.464563e-05,-0.899559
,,,6.465563e-05,-0.299853
,,,6.466563e-05,-0.299853
,,,6.467563e-05,-0.199902
,,,6.468563e-05,-0.499755
,,,6.469563e-05,-0.699657
,,,6.470563e-05,-0.499755
,,,6.471563e-05,-0.099951
,,,6.472563e-05,-0.799608
,,,6.473563e-05,-0.399804
,,,6.474563e-05,-0.599706
,,,6.475563e-05,-0.299853
,,,6.476563e-05,-0.699657
,,,6.477563e-05,-0.299853
,,,6.478563e-05,-0.499755
,,,6.479563e-05,0.199902
,,,6.480563e-05,-0.699657
,,,6.481563e-05,-0.099951
,,,6.482563e-05,-0.599706
,,,6.483563e-05,-0.599706
,,,6.484563e-05,-0.899559
,,,6.485563e-05,-0.399804
,,,6.486563e-05,-0.699657
,,,6.487563e-05,-0.499755
,,,6.488563e-05,-0.699657
,,,6.489563e-05,-0.099951
,,,6.490563e-05,-0.499755
,,,6.491563e-05,-0.399804
,,,6.492563e-05,-0.699657
,,,6.493563e-05,-0.199902
,,,6.494563e-05,-0.599706
,,,6.495563e-05,-0.499755
,,,6.496563e-05,-0.799608
,,,6.497563e-05,-0.199902
,,,6.498563e-05,-0.599706
,,,6.499563e-05,-0.399804
,,,6.500563e-05,-1.39931
,,,6.501563e-05,-0.399804
,,,6.502563e-05,-0.599706
,,,6.503563e-05,-0.499755
,,,6.504563e-05,-0.799608
,,,6.505563e-05,-0.499755
,,,6.506563e-05,-0.599706
,,,6.507563e-05,-0.799608
,,,6.508563e-05,-0.799608
,,,6.509563e-05,0.099951
,,,6.510563e-05,-0.299853
,,,6.511563e-05,-0.299853
,,,6.512563e-05,-0.499755
,,,6.513563e-05,-0.199902
,,,6.514563e-05,-0.799608
,,,6.515563e-05,-0.299853
,,,6.516563e-05,-0.99951
,,,6.517563e-05,-3.37508e-14
,,,6.518563e-05,-0.199902
,,,6.519563e-05,-0.699657
,,,6.520563e-05,-0.699657
,,,6.521563e-05,-0.199902
,,,6.522563e-05,-0.599706
,,,6.523563e-05,-0.299853
,,,6.524563e-05,-0.799608
,,,6.525563e-05,0.099951
,,,6.526563e-05,-0.599706
,,,6.527563e-05,-3.37508e-14
,,,6.528563e-05,-0.699657
,,,6.529563e-05,-0.199902
,,,6.530563e-05,-0.599706
,,,6.531563e-05,-0.099951
,,,6.532563e-05,-0.699657
,,,6.533563e-05,-3.37508e-14
,,,6.534563e-05,-0.599706
,,,6.535563e-05,-0.499755
,,,6.536563e-05,-0.599706
,,,6.537563e-05,0.199902
,,,6.538563e-05,-0.299853
,,,6.539563e-05,-0.399804
,,,6.540563e-05,-0.499755
,,,6.541563e-05,-3.37508e-14
,,,6.542563e-05,-0.699657
,,,6.543563e-05,-0.799608
,,,6.544563e-05,-0.899559
,,,6.545563e-05,-3.37508e-14
,,,6.546563e-05,-0.699657
,,,6.547563e-05,-0.099951
,,,6.548563e-05,-1.09946
,,,6.549563e-05,-3.37508e-14
,,,6.550563e-05,-0.499755
,,,6.551563e-05,-0.099951
,,,6.552563e-05,-0.899559
,,,6.553563e-05,-0.199902
,,,6.554563e-05,-0.599706
,,,6.555563e-05,-0.399804
,,,6.556563e-05,-0.299853
,,,6.557563e-05,-0.399804
,,,6.558563e-05,-0.899559
,,,6.559563e-05,-0.199902
,,,6.560563e-05,-1.19941
,,,6.561563e-05,-0.199902
,,,6.562563e-05,-0.699657
,,,6.563563e-05,-0.099951
,,,6.564563e-05,-0.899559
,,,6.565563e-05,-0.599706
,,,6.566563e-05,-0.599706
,,,6.567563e-05,-0.199902
,,,6.568563e-05,-0.699657
,,,6.569563e-05,0.099951
,,,6.570563e-05,-0.399804
,,,6.571563e-05,-0.099951
,,,6.572563e-05,-0.699657
,,,6.573563e-05,-0.299853
,,,6.574563e-05,-0.699657
,,,6.575563e-05,-0.599706
,,,6.576563e-05,-1.19941
,,,6.577563e-05,0.199902
,,,6.578563e-05,-0.199902
,,,6.579563e-05,-3.37508e-14
,,,6.580563e-05,-0.699657
,,,6.581563e-05,0.099951
,,,6.582563e-05,-0.299853
,,,6.583563e-05,-0.299853
,,,6.584563e-05,-0.499755
,,,6.585563e-05,-3.37508e-14
,,,6.586563e-05,-0.699657
,,,6.587563e-05,-0.199902
,,,6.588563e-05,-0.699657
,,,6.589563e-05,-0.099951
,,,6.590563e-05,-0.799608
,,,6.591563e-05,-0.199902
,,,6.592563e-05,-0.499755
,,,6.593563e-05,-0.299853
,,,6.594563e-05,-0.699657
,,,6.595563e-05,-0.299853
,,,6.596563e-05,-1.09946
,,,6.597563e-05,-0.099951
,,,6.598563e-05,-0.399804
,,,6.599563e-05,-0.399804
,,,6.600563e-05,-0.599706
,,,6.601563e-05,-3.37508e-14
,,,6.602563e-05,-0.399804
,,,6.603563e-05,-3.37508e-14
,,,6.604563e-05,-0.599706
,,,6.605563e-05,0.299853
,,,6.606563e-05,-0.599706
,,,6.607563e-05,-0.499755
,,,6.608563e-05,-0.699657
,,,6.609563e-05,-0.499755
,,,6.610563e-05,-0.99951
,,,6.611563e-05,-0.199902
,,,6.612563e-05,-0.699657
,,,6.613563e-05,-0.099951
,,,6.614563e-05,-0.399804
,,,6.615563e-05,-0.399804
,,,6.616563e-05,-0.499755
,,,6.617563e-05,0.299853
,,,6.618563e-05,-0.399804
,,,6.619563e-05,-0.299853
,,,6.620563e-05,-0.499755
,,,6.621563e-05,-0.099951
,,,6.622563e-05,-0.299853
,,,6.623563e-05,-0.299853
,,,6.624563e-05,-0.599706
,,,6.625563e-05,-0.099951
,,,6.626563e-05,-0.299853
,,,6.627563e-05,-0.299853
,,,6.628563e-05,-0.799608
,,,6.629563e-05,-3.37508e-14
,,,6.630563e-05,-0.099951
,,,6.631563e-05,-0.599706
,,,6.632563e-05,-0.499755
,,,6.633563e-05,-3.37508e-14
,,,6.634563e-05,-0.699657
,,,6.635563e-05,-0.099951
,,,6.636563e-05,-0.899559
,,,6.637563e-05,-0.099951
,,,6.638563e-05,-0.599706
,,,6.639563e-05,-0.499755
,,,6.640563e-05,-0.299853
,,,6.641563e-05,-0.199902
,,,6.642563e-05,-0.299853
,,,6.643563e-05,-0.499755
,,,6.644563e-05,-0.299853
,,,6.645563e-05,-0.299853
,,,6.646563e-05,-0.499755
,,,6.647563e-05,-0.699657
,,,6.648563e-05,-0.599706
,,,6.649563e-05,-0.099951
,,,6.650563e-05,-0.399804
,,,6.651563e-05,-0.499755
,,,6.652563e-05,-0.599706
,,,6.653563e-05,-0.399804
,,,6.654563e-05,-0.299853
,,,6.655563e-05,-0.599706
,,,6.656563e-05,-0.099951
,,,6.657563e-05,-0.299853
,,,6.658563e-05,-0.699657
,,,6.659563e-05,-0.399804
,,,6.660563e-05,-1.29936
,,,6.661563e-05,-0.299853
,,,6.662563e-05,-0.399804
,,,6.663563e-05,-0.599706
,,,6.664563e-05,-0.799608
,,,6.665563e-05,-0.199902
,,,6.666563e-05,-0.399804
,,,6.667563e-05,-0.299853
,,,6.668563e-05,-0.699657
,,,6.669563e-05,0.299853
,,,6.670563e-05,-0.199902
,,,6.671563e-05,-0.399804
,,,6.672563e-05,-0.399804
,,,6.673563e-05,-0.199902
,,,6.674563e-05,-0.499755
,,,6.675563e-05,-3.37508e-14
,,,6.676563e-05,-0.599706
,,,6.677563e-05,-0.399804
,,,6.678563e-05,-0.099951
,,,6.679563e-05,-0.099951
,,,6.680563e-05,-0.399804
,,,6.681563e-05,0.099951
,,,6.682563e-05,-0.299853
,,,6.683563e-05,-0.399804
,,,6.684563e-05,-0.599706
,,,6.685563e-05,-0.199902
,,,6.686563e-05,-0.699657
,,,6.687563e-05,-0.099951
,,,6.688563e-05,-0.599706
,,,6.689563e-05,0.199902
,,,6.690563e-05,-0.199902
,,,6.691563e-05,-0.599706
,,,6.692563e-05,-0.499755
,,,6.693563e-05,-0.099951
,,,6.694563e-05,-0.299853
,,,6.695563e-05,-0.499755
,,,6.696563e-05,-0.399804
,,,6.697563e-05,-0.099951
,,,6.698563e-05,-0.699657
,,,6.699563e-05,-0.099951
,,,6.700563e-05,-0.599706
,,,6.701563e-05,-0.299853
,,,6.702563e-05,-0.099951
,,,6.703563e-05,-0.399804
,,,6.704563e-05,-0.699657
,,,6.705563e-05,-0.299853
,,,6.706563e-05,-0.199902
,,,6.707563e-05,-0.299853
,,,6.708563e-05,-0.899559
,,,6.709563e-05,0.099951
,,,6.710563e-05,-0.699657
,,,6.711563e-05,-0.099951
,,,6.712563e-05,-0.899559
,,,6.713563e-05,0.099951
,,,6.714563e-05,-0.199902
,,,6.715563e-05,-0.499755
,,,6.716563e-05,-0.699657
,,,6.717563e-05,-0.199902
,,,6.718563e-05,-0.399804
,,,6.719563e-05,-0.199902
,,,6.720563e-05,-0.599706
,,,6.721563e-05,-0.199902
,,,6.722563e-05,-0.199902
,,,6.723563e-05,-0.399804
,,,6.724563e-05,-0.699657
,,,6.725563e-05,0.199902
,,,6.726563e-05,-0.499755
,,,6.727563e-05,-0.099951
,,,6.728563e-05,-0.299853
,,,6.729563e-05,0.099951
,,,6.730563e-05,-0.199902
,,,6.731563e-05,-0.099951
,,,6.732563e-05,-0.499755
,,,6.733563e-05,-3.37508e-14
,,,6.734563e-05,-0.599706
,,,6.735563e-05,0.099951
,,,6.736563e-05,-0.799608
,,,6.737563e-05,-0.099951
,,,6.738563e-05,-0.099951
,,,6.739563e-05,-0.399804
,,,6.740563e-05,-0.99951
,,,6.741563e-05,-0.199902
,,,6.742563e-05,-0.499755
,,,6.743563e-05,-0.299853
,,,6.744563e-05,-0.599706
,,,6.745563e-05,-0.299853
,,,6.746563e-05,-0.299853
,,,6.747563e-05,-0.399804
,,,6.748563e-05,0.099951
,,,6.749563e-05,-0.099951
,,,6.750563e-05,-0.199902
,,,6.751563e-05,-0.199902
,,,6.752563e-05,-0.599706
,,,6.753563e-05,0.099951
,,,6.754563e-05,-0.299853
,,,6.755563e-05,-0.499755
,,,6.756563e-05,-0.299853
,,,6.757563e-05,-0.099951
,,,6.758563e-05,-0.499755
,,,6.759563e-05,-0.199902
,,,6.760563e-05,-0.499755
,,,6.761563e-05,0.099951
,,,6.762563e-05,-0.299853
,,,6.763563e-05,-0.499755
,,,6.764563e-05,-0.699657
,,,6.765563e-05,0.499755
,,,6.766563e-05,-0.299853
,,,6.767563e-05,-0.099951
,,,6.768563e-05,-0.299853
,,,6.769563e-05,-0.099951
,,,6.770563e-05,0.099951
,,,6.771563e-05,-0.299853
,,,6.772563e-05,-0.299853
,,,6.773563e-05,-3.37508e-14
,,,6.774563e-05,-0.199902
,,,6.775563e-05,-0.299853
,,,6.776563e-05,-0.199902
,,,6.777563e-05,-3.37508e-14
,,,6.778563e-05,-0.099951
,,,6.779563e-05,-0.499755
,,,6.780563e-05,-0.199902
,,,6.781563e-05,-0.199902
,,,6.782563e-05,-0.299853
,,,6.783563e-05,-0.199902
,,,6.784563e-05,-0.899559
,,,6.785563e-05,-0.099951
,,,6.786563e-05,-0.799608
,,,6.787563e-05,-0.799608
,,,6.788563e-05,-0.299853
,,,6.789563e-05,0.099951
,,,6.790563e-05,-0.299853
,,,6.791563e-05,0.099951
,,,6.792563e-05,-0.399804
,,,6.793563e-05,-3.37508e-14
,,,6.794563e-05,-0.399804
,,,6.795563e-05,0.099951
,,,6.796563e-05,-0.299853
,,,6.797563e-05,-0.299853
,,,6.798563e-05,-3.37508e-14
,,,6.799563e-05,-3.37508e-14
,,,6.800563e-05,-0.399804
,,,6.801563e-05,0.299853
,,,6.802563e-05,-0.099951
,,,6.803563e-05,-0.299853
,,,6.804563e-05,-0.399804
,,,6.805563e-05,-3.37508e-14
,,,6.806563e-05,-0.399804
,,,6.807563e-05,-0.199902
,,,6.808563e-05,-0.099951
,,,6.809563e-05,-0.099951
,,,6.810563e-05,-0.399804
,,,6.811563e-05,-0.399804
,,,6.812563e-05,-0.299853
,,,6.813563e-05,-0.199902
,,,6.814563e-05,-0.299853
,,,6.815563e-05,-0.099951
,,,6.816563e-05,-0.499755
,,,6.817563e-05,0.199902
,,,6.818563e-05,-0.299853
,,,6.819563e-05,-0.399804
,,,6.820563e-05,-0.499755
,,,6.821563e-05,0.199902
,,,6.822563e-05,-0.299853
,,,6.823563e-05,-0.099951
,,,6.824563e-05,-0.499755
,,,6.825563e-05,0.399804
,,,6.826563e-05,-0.399804
,,,6.827563e-05,-0.299853
,,,6.828563e-05,-0.399804
,,,6.829563e-05,0.099951
,,,6.830563e-05,-0.399804
,,,6.831563e-05,-0.099951
,,,6.832563e-05,-0.199902
,,,6.833563e-05,0.299853
,,,6.834563e-05,-0.599706
,,,6.835563e-05,-0.099951
,,,6.836563e-05,-0.499755
,,,6.837563e-05,-3.37508e-14
,,,6.838563e-05,-0.499755
,,,6.839563e-05,-0.099951
,,,6.840563e-05,-0.399804
,,,6.841563e-05,-3.37508e-14
,,,6.842563e-05,-0.299853
,,,6.843563e-05,-0.099951
,,,6.844563e-05,-0.599706
,,,6.845563e-05,-3.37508e-14
,,,6.846563e-05,-0.199902
,,,6.847563e-05,-0.299853
,,,6.848563e-05,-0.299853
,,,6.849563e-05,0.199902
,,,6.850563e-05,-0.499755
,,,6.851563e-05,0.099951
,,,6.852563e-05,-0.399804
,,,6.853563e-05,-3.37508e-14
,,,6.854563e-05,-0.299853
,,,6.855563e-05,0.099951
,,,6.856563e-05,-0.399804
,,,6.857563e-05,0.199902
,,,6.858563e-05,0.299853
,,,6.859563e-05,-0.099951
,,,6.860563e-05,-0.599706
,,,6.861563e-05,-0.099951
,,,6.862563e-05,-0.399804
,,,6.863563e-05,-0.199902
,,,6.864563e-05,-0.499755
,,,6.865563e-05,0.099951
,,,6.866563e-05,-0.299853
,,,6.867563e-05,0.099951
,,,6.868563e-05,-0.299853
,,,6.869563e-05,0.299853
,,,6.870563e-05,-0.099951
,,,6.871563e-05,-0.399804
,,,6.872563e-05,-0.299853
,,,6.873563e-05,0.199902
,,,6.874563e-05,-3.37508e-14
,,,6.875563e-05,-3.37508e-14
,,,6.876563e-05,-0.499755
,,,6.877563e-05,0.099951
,,,6.878563e-05,-0.399804
,,,6.879563e-05,0.199902
,,,6.880563e-05,-0.299853
,,,6.881563e-05,0.199902
,,,6.882563e-05,-0.399804
,,,6.883563e-05,-0.299853
,,,6.884563e-05,-0.199902
,,,6.885563e-05,-3.37508e-14
,,,6.886563e-05,-0.199902
,,,6.887563e-05,-0.199902
,,,6.888563e-05,-0.299853
,,,6.889563e-05,0.099951
,,,6.890563e-05,-0.099951
,,,6.891563e-05,-0.199902
,,,6.892563e-05,-0.099951
,,,6.893563e-05,0.099951
,,,6.894563e-05,-0.099951
,,,6.895563e-05,0.199902
,,,6.896563e-05,-0.199902
,,,6.897563e-05,0.099951
,,,6.898563e-05,-0.299853
,,,6.899563e-05,-0.499755
,,,6.900563e-05,-0.199902
,,,6.901563e-05,0.399804
,,,6.902563e-05,-0.399804
,,,6.903563e-05,-3.37508e-14
,,,6.904563e-05,-0.199902
,,,6.905563e-05,-0.099951
,,,6.906563e-05,-0.199902
,,,6.907563e-05,-0.399804
,,,6.908563e-05,-0.199902
,,,6.909563e-05,0.099951
,,,6.910563e-05,-3.37508e-14
,,,6.911563e-05,0.099951
,,,6.912563e-05,-0.199902
,,,6.913563e-05,-3.37508e-14
,,,6.914563e-05,-0.299853
,,,6.915563e-05,0.199902
,,,6.916563e-05,-0.499755
,,,6.917563e-05,0.199902
,,,6.918563e-05,-0.299853
,,,6.919563e-05,-3.37508e-14
,,,6.920563e-05,-0.299853
,,,6.921563e-05,0.199902
,,,6.922563e-05,-0.099951
,,,6.923563e-05,0.299853
,,,6.924563e-05,-0.499755
,,,6.925563e-05,0.199902
,,,6.926563e-05,-3.37508e-14
,,,6.927563e-05,-0.299853
,,,6.928563e-05,-0.199902
,,,6.929563e-05,0.299853
,,,6.930563e-05,0.199902
,,,6.931563e-05,-3.37508e-14
,,,6.932563e-05,0.099951
,,,6.933563e-05,0.199902
,,,6.934563e-05,-0.399804
,,,6.935563e-05,0.299853
,,,6.936563e-05,-0.199902
,,,6.937563e-05,0.199902
,,,6.938563e-05,-0.399804
,,,6.939563e-05,0.299853
,,,6.940563e-05,-0.099951
,,,6.941563e-05,0.499755
,,,6.942563e-05,-3.37508e-14
,,,6.943563e-05,-3.37508e-14
,,,6.944563e-05,-0.199902
,,,6.945563e-05,0.299853
,,,6.946563e-05,-0.099951
,,,6.947563e-05,0.199902
,,,6.948563e-05,-0.399804
,,,6.949563e-05,0.699657
,,,6.950563e-05,-0.099951
,,,6.951563e-05,-0.399804
,,,6.952563e-05,-0.299853
,,,6.953563e-05,0.299853
,,,6.954563e-05,-0.299853
,,,6.955563e-05,0.199902
,,,6.956563e-05,-0.199902
,,,6.957563e-05,0.199902
,,,6.958563e-05,-3.37508e-14
,,,6.959563e-05,0.099951
,,,6.960563e-05,-0.199902
,,,6.961563e-05,0.199902
,,,6.962563e-05,-3.37508e-14
,,,6.963563e-05,0.199902
,,,6.964563e-05,-0.299853
,,,6.965563e-05,0.099951
,,,6.966563e-05,-0.099951
,,,6.967563e-05,0.499755
,,,6.968563e-05,-0.299853
,,,6.969563e-05,0.299853
,,,6.970563e-05,-3.37508e-14
,,,6.971563e-05,0.199902
,,,6.972563e-05,-0.099951
,,,6.973563e-05,0.599706
,,,6.974563e-05,-0.099951
,,,6.975563e-05,-3.37508e-14
,,,6.976563e-05,-0.399804
,,,6.977563e-05,0.299853
,,,6.978563e-05,-0.199902
,,,6.979563e-05,0.199902
,,,6.980563e-05,-3.37508e-14
,,,6.981563e-05,0.399804
,,,6.982563e-05,-0.199902
,,,6.983563e-05,-0.299853
,,,6.984563e-05,-0.399804
,,,6.985563e-05,0.399804
,,,6.986563e-05,-0.399804
,,,6.987563e-05,0.299853
,,,6.988563e-05,-0.099951
,,,6.989563e-05,0.399804
,,,6.990563e-05,0.199902
,,,6.991563e-05,0.099951
,,,6.992563e-05,-0.499755
,,,6.993563e-05,0.199902
,,,6.994563e-05,-0.099951
,,,6.995563e-05,-0.199902
,,,6.996563e-05,-0.099951
,,,6.997563e-05,0.499755
,,,6.998563e-05,-3.37508e-14
,,,6.999563e-05,0.599706
,,,7.000563e-05,-0.399804
,,,7.001563e-05,0.299853
,,,7.002563e-05,-0.099951
,,,7.003563e-05,-3.37508e-14
,,,7.004563e-05,-0.299853
,,,7.005563e-05,0.199902
,,,7.006563e-05,-0.299853
,,,7.007563e-05,0.199902
,,,7.008563e-05,-0.299853
,,,7.009563e-05,0.299853
,,,7.010563e-05,-0.099951
,,,7.011563e-05,0.199902
,,,7.012563e-05,-0.199902
,,,7.013563e-05,0.399804
,,,7.014563e-05,-0.399804
,,,7.015563e-05,0.399804
,,,7.016563e-05,0.599706
,,,7.017563e-05,0.599706
,,,7.018563e-05,0.099951
,,,7.019563e-05,0.099951
,,,7.020563e-05,-0.199902
,,,7.021563e-05,0.299853
,,,7.022563e-05,-3.37508e-14
,,,7.023563e-05,0.399804
,,,7.024563e-05,-0.199902
,,,7.025563e-05,0.299853
,,,7.026563e-05,-0.099951
,,,7.027563e-05,-0.299853
,,,7.028563e-05,-3.37508e-14
,,,7.029563e-05,0.299853
,,,7.030563e-05,-3.37508e-14
,,,7.031563e-05,0.099951
,,,7.032563e-05,-0.199902
,,,7.033563e-05,0.299853
,,,7.034563e-05,-3.37508e-14
,,,7.035563e-05,-0.199902
,,,7.036563e-05,-0.199902
,,,7.037563e-05,0.499755
,,,7.038563e-05,0.199902
,,,7.039563e-05,0.199902
,,,7.040563e-05,-0.399804
,,,7.041563e-05,0.799608
,,,7.042563e-05,-3.37508e-14
,,,7.043563e-05,0.399804
,,,7.044563e-05,-0.199902
,,,7.045563e-05,0.199902
,,,7.046563e-05,0.099951
,,,7.047563e-05,0.199902
,,,7.048563e-05,-0.699657
,,,7.049563e-05,0.199902
,,,7.050563e-05,-0.399804
,,,7.051563e-05,-0.099951
,,,7.052563e-05,-0.399804
,,,7.053563e-05,0.399804
,,,7.054563e-05,-3.37508e-14
,,,7.055563e-05,0.299853
,,,7.056563e-05,0.099951
,,,7.057563e-05,0.199902
,,,7.058563e-05,-3.37508e-14
,,,7.059563e-05,0.099951
,,,7.060563e-05,-3.37508e-14
,,,7.061563e-05,0.399804
,,,7.062563e-05,0.199902
,,,7.063563e-05,-0.099951
,,,7.064563e-05,-0.199902
,,,7.065563e-05,0.399804
,,,7.066563e-05,-0.099951
,,,7.067563e-05,0.399804
,,,7.068563e-05,-0.099951
,,,7.069563e-05,0.399804
,,,7.070563e-05,0.199902
,,,7.071563e-05,-3.37508e-14
,,,7.072563e-05,-3.37508e-14
,,,7.073563e-05,0.199902
,,,7.074563e-05,0.099951
,,,7.075563e-05,0.399804
,,,7.076563e-05,-0.099951
,,,7.077563e-05,0.399804
,,,7.078563e-05,-3.37508e-14
,,,7.079563e-05,0.599706
,,,7.080563e-05,-0.399804
,,,7.081563e-05,0.499755
,,,7.082563e-05,0.399804
,,,7.083563e-05,-3.37508e-14
,,,7.084563e-05,-0.299853
,,,7.085563e-05,0.399804
,,,7.086563e-05,-0.299853
,,,7.087563e-05,0.699657
,,,7.088563e-05,-0.199902
,,,7.089563e-05,0.599706
,,,7.090563e-05,0.099951
,,,7.091563e-05,-3.37508e-14
,,,7.092563e-05,-0.199902
,,,7.093563e-05,0.099951
,,,7.094563e-05,-0.399804
,,,7.095563e-05,-0.099951
,,,7.096563e-05,-0.299853
,,,7.097563e-05,0.099951
,,,7.098563e-05,0.199902
,,,7.099563e-05,0.199902
,,,7.100563e-05,-0.399804
,,,7.101563e-05,0.599706
,,,7.102563e-05,-0.299853
,,,7.103563e-05,0.199902
,,,7.104563e-05,-0.399804
,,,7.105563e-05,0.299853
,,,7.106563e-05,0.099951
,,,7.107563e-05,-0.099951
,,,7.108563e-05,-0.099951
,,,7.109563e-05,0.299853
,,,7.110563e-05,-0.199902
,,,7.111563e-05,-3.37508e-14
,,,7.112563e-05,0.099951
,,,7.113563e-05,0.499755
,,,7.114563e-05,0.099951
,,,7.115563e-05,-0.299853
,,,7.116563e-05,-0.399804
,,,7.117563e-05,0.199902
,,,7.118563e-05,0.099951
,,,7.119563e-05,0.399804
,,,7.120563e-05,0.099951
,,,7.121563e-05,0.599706
,,,7.122563e-05,0.099951
,,,7.123563e-05,-0.399804
,,,7.124563e-05,-0.399804
,,,7.125563e-05,0.699657
,,,7.126563e-05,-3.37508e-14
,,,7.127563e-05,-0.199902
,,,7.128563e-05,-0.299853
,,,7.129563e-05,0.599706
,,,7.130563e-05,-0.099951
,,,7.131563e-05,0.299853
,,,7.132563e-05,-0.399804
,,,7.133563e-05,0.899559
,,,7.134563e-05,-0.099951
,,,7.135563e-05,0.399804
,,,7.136563e-05,-3.37508e-14
,,,7.137563e-05,0.599706
,,,7.138563e-05,-0.199902
,,,7.139563e-05,-0.299853
,,,7.140563e-05,0.199902
,,,7.141563e-05,0.199902
,,,7.142563e-05,-0.099951
,,,7.143563e-05,-3.37508e-14
,,,7.144563e-05,-3.37508e-14
,,,7.145563e-05,0.199902
,,,7.146563e-05,-0.299853
,,,7.147563e-05,-3.37508e-14
,,,7.148563e-05,-0.099951
,,,7.149563e-05,0.299853
,,,7.150563e-05,-3.37508e-14
,,,7.151563e-05,0.099951
,,,7.152563e-05,-0.399804
,,,7.153563e-05,-3.37508e-14
,,,7.154563e-05,-3.37508e-14
,,,7.155563e-05,0.299853
,,,7.156563e-05,-0.099951
,,,7.157563e-05,0.099951
,,,7.158563e-05,0.299853
,,,7.159563e-05,0.399804
,,,7.160563e-05,-0.299853
,,,7.161563e-05,0.399804
,,,7.162563e-05,-0.099951
,,,7.163563e-05,0.299853
,,,7.164563e-05,-0.599706
,,,7.165563e-05,0.499755
,,,7.166563e-05,0.099951
,,,7.167563e-05,0.199902
,,,7.168563e-05,-3.37508e-14
,,,7.169563e-05,0.399804
,,,7.170563e-05,0.099951
,,,7.171563e-05,0.099951
,,,7.172563e-05,-0.299853
,,,7.173563e-05,0.399804
,,,7.174563e-05,0.199902
,,,7.175563e-05,-3.37508e-14
,,,7.176563e-05,-0.199902
,,,7.177563e-05,0.499755
,,,7.178563e-05,-3.37508e-14
,,,7.179563e-05,0.299853
,,,7.180563e-05,-0.199902
,,,7.181563e-05,0.199902
,,,7.182563e-05,-0.399804
,,,7.183563e-05,0.099951
,,,7.184563e-05,-0.299853
,,,7.185563e-05,0.299853
,,,7.186563e-05,-0.199902
,,,7.187563e-05,-3.37508e-14
,,,7.188563e-05,-0.499755
,,,7.189563e-05,0.599706
,,,7.190563e-05,0.299853
,,,7.191563e-05,0.499755
,,,7.192563e-05,-0.499755
,,,7.193563e-05,-3.37508e-14
,,,7.194563e-05,0.099951
,,,7.195563e-05,-3.37508e-14
,,,7.196563e-05,-0.399804
,,,7.197563e-05,0.199902
,,,7.198563e-05,-3.37508e-14
,,,7.199563e-05,-3.37508e-14
,,,7.200563e-05,-0.299853
,,,7.201563e-05,-3.37508e-14
,,,7.202563e-05,-0.099951
,,,7.203563e-05,-0.099951
,,,7.204563e-05,-0.499755
,,,7.205563e-05,0.399804
,,,7.206563e-05,-0.099951
,,,7.207563e-05,0.199902
,,,7.208563e-05,-0.099951
,,,7.209563e-05,0.299853
,,,7.210563e-05,0.099951
,,,7.211563e-05,0.199902
,,,7.212563e-05,-0.199902
,,,7.213563e-05,0.799608
,,,7.214563e-05,-0.099951
,,,7.215563e-05,0.399804
,,,7.216563e-05,-0.199902
,,,7.217563e-05,0.299853
,,,7.218563e-05,-3.37508e-14
,,,7.219563e-05,0.199902
,,,7.220563e-05,-0.099951
,,,7.221563e-05,0.299853
,,,7.222563e-05,-3.37508e-14
,,,7.223563e-05,0.399804
,,,7.224563e-05,-0.099951
,,,7.225563e-05,0.599706
,,,7.226563e-05,-3.37508e-14
,,,7.227563e-05,-0.299853
,,,7.228563e-05,-3.37508e-14
,,,7.229563e-05,0.599706
,,,7.230563e-05,-0.099951
,,,7.231563e-05,-0.099951
,,,7.232563e-05,-0.099951
,,,7.233563e-05,0.199902
,,,7.234563e-05,0.099951
,,,7.235563e-05,0.099951
,,,7.236563e-05,-0.299853
,,,7.237563e-05,0.699657
,,,7.238563e-05,0.299853
,,,7.239563e-05,0.299853
,,,7.240563e-05,-0.399804
,,,7.241563e-05,0.499755
,,,7.242563e-05,-0.199902
,,,7.243563e-05,0.099951
,,,7.244563e-05,-0.099951
,,,7.245563e-05,0.399804
,,,7.246563e-05,0.199902
,,,7.247563e-05,-3.37508e-14
,,,7.248563e-05,-0.199902
,,,7.249563e-05,0.199902
,,,7.250563e-05,-0.099951
,,,7.251563e-05,0.499755
,,,7.252563e-05,-3.37508e-14
,,,7.253563e-05,0.299853
,,,7.254563e-05,-0.099951
,,,7.255563e-05,-0.299853
,,,7.256563e-05,-0.299853
,,,7.257563e-05,0.299853
,,,7.258563e-05,-0.299853
,,,7.259563e-05,-3.37508e-14
,,,7.260563e-05,-0.699657
,,,7.261563e-05,0.699657
,,,7.262563e-05,-0.399804
,,,7.263563e-05,0.199902
,,,7.264563e-05,-0.199902
,,,7.265563e-05,0.599706
,,,7.266563e-05,-0.299853
,,,7.267563e-05,-0.199902
,,,7.268563e-05,-0.399804
,,,7.269563e-05,0.299853
,,,7.270563e-05,-0.099951
,,,7.271563e-05,-0.399804
,,,7.272563e-05,-0.399804
,,,7.273563e-05,0.099951
,,,7.274563e-05,0.199902
,,,7.275563e-05,0.099951
,,,7.276563e-05,-0.099951
,,,7.277563e-05,0.499755
,,,7.278563e-05,0.099951
,,,7.279563e-05,0.099951
,,,7.280563e-05,-0.499755
,,,7.281563e-05,0.299853
,,,7.282563e-05,-0.099951
,,,7.283563e-05,0.299853
,,,7.284563e-05,-0.099951
,,,7.285563e-05,0.099951
,,,7.286563e-05,-0.099951
,,,7.287563e-05,-0.099951
,,,7.288563e-05,-0.099951
,,,7.289563e-05,0.399804
,,,7.290563e-05,-0.099951
,,,7.291563e-05,0.299853
,,,7.292563e-05,-0.299853
,,,7.293563e-05,0.199902
,,,7.294563e-05,-0.199902
,,,7.295563e-05,0.099951
,,,7.296563e-05,-0.399804
,,,7.297563e-05,0.699657
,,,7.298563e-05,-0.099951
,,,7.299563e-05,0.499755
,,,7.300563e-05,-0.399804
,,,7.301563e-05,0.399804
,,,7.302563e-05,-3.37508e-14
,,,7.303563e-05,0.299853
,,,7.304563e-05,-3.37508e-14
,,,7.305563e-05,0.499755
,,,7.306563e-05,0.099951
,,,7.307563e-05,0.099951
,,,7.308563e-05,-0.099951
,,,7.309563e-05,0.799608
,,,7.310563e-05,-3.37508e-14
,,,7.311563e-05,-0.299853
,,,7.312563e-05,-0.099951
,,,7.313563e-05,0.199902
,,,7.314563e-05,-3.37508e-14
,,,7.315563e-05,0.399804
,,,7.316563e-05,-0.099951
,,,7.317563e-05,0.299853
,,,7.318563e-05,-0.099951
,,,7.319563e-05,0.099951
,,,7.320563e-05,-0.199902
,,,7.321563e-05,0.099951
,,,7.322563e-05,-0.399804
,,,7.323563e-05,0.199902
,,,7.324563e-05,-0.199902
,,,7.325563e-05,0.099951
,,,7.326563e-05,-0.199902
,,,7.327563e-05,-0.099951
,,,7.328563e-05,-0.299853
,,,7.329563e-05,0.299853
,,,7.330563e-05,-0.099951
,,,7.331563e-05,-0.099951
,,,7.332563e-05,-0.499755
,,,7.333563e-05,0.299853
,,,7.334563e-05,-0.099951
,,,7.335563e-05,0.099951
,,,7.336563e-05,-0.599706
,,,7.337563e-05,-3.37508e-14
,,,7.338563e-05,-0.199902
,,,7.339563e-05,-0.199902
,,,7.340563e-05,-0.299853
,,,7.341563e-05,-3.37508e-14
,,,7.342563e-05,-0.099951
,,,7.343563e-05,-3.37508e-14
,,,7.344563e-05,-0.299853
,,,7.345563e-05,0.099951
,,,7.346563e-05,0.099951
,,,7.347563e-05,-0.099951
,,,7.348563e-05,-0.499755
,,,7.349563e-05,0.499755
,,,7.350563e-05,-0.399804
,,,7.351563e-05,0.399804
,,,7.352563e-05,-0.399804
,,,7.353563e-05,0.099951
,,,7.354563e-05,-0.399804
,,,7.355563e-05,-3.37508e-14
,,,7.356563e-05,-0.299853
,,,7.357563e-05,0.899559
,,,7.358563e-05,0.099951
,,,7.359563e-05,-3.37508e-14
,,,7.360563e-05,-0.299853
,,,7.361563e-05,0.799608
,,,7.362563e-05,0.299853
,,,7.363563e-05,0.499755
,,,7.364563e-05,-0.099951
,,,7.365563e-05,0.299853
,,,7.366563e-05,-0.299853
,,,7.367563e-05,-0.099951
,,,7.368563e-05,-0.199902
,,,7.369563e-05,0.399804
,,,7.370563e-05,-3.37508e-14
,,,7.371563e-05,-0.299853
,,,7.372563e-05,-0.399804
,,,7.373563e-05,-3.37508e-14
,,,7.374563e-05,-3.37508e-14
,,,7.375563e-05,-0.099951
,,,7.376563e-05,-0.599706
,,,7.377563e-05,0.099951
,,,7.378563e-05,-0.199902
,,,7.379563e-05,0.299853
,,,7.380563e-05,-0.099951
,,,7.381563e-05,0.299853
,,,7.382563e-05,-0.499755
,,,7.383563e-05,-0.199902
,,,7.384563e-05,-0.399804
,,,7.385563e-05,0.299853
,,,7.386563e-05,0.199902
,,,7.387563e-05,0.099951
,,,7.388563e-05,-0.399804
,,,7.389563e-05,0.299853
,,,7.390563e-05,-0.399804
,,,7.391563e-05,0.099951
,,,7.392563e-05,-0.199902
,,,7.393563e-05,0.399804
,,,7.394563e-05,-0.299853
,,,7.395563e-05,-3.37508e-14
,,,7.396563e-05,-0.199902
,,,7.397563e-05,0.199902
,,,7.398563e-05,0.099951
,,,7.399563e-05,0.299853
,,,7.400563e-05,-0.199902
,,,7.401563e-05,0.499755
,,,7.402563e-05,-3.37508e-14
,,,7.403563e-05,0.399804
,,,7.404563e-05,-0.299853
,,,7.405563e-05,0.099951
,,,7.406563e-05,-0.299853
,,,7.407563e-05,0.199902
,,,7.408563e-05,0.199902
,,,7.409563e-05,0.599706
,,,7.410563e-05,0.099951
,,,7.411563e-05,-0.099951
,,,7.412563e-05,-0.399804
,,,7.413563e-05,0.499755
,,,7.414563e-05,0.099951
,,,7.415563e-05,-0.099951
,,,7.416563e-05,-0.699657
,,,7.417563e-05,0.299853
,,,7.418563e-05,0.199902
,,,7.419563e-05,-0.099951
,,,7.420563e-05,-0.199902
,,,7.421563e-05,0.399804
,,,7.422563e-05,-0.299853
,,,7.423563e-05,0.199902
,,,7.424563e-05,0.099951
,,,7.425563e-05,-3.37508e-14
,,,7.426563e-05,-0.499755
,,,7.427563e-05,0.099951
,,,7.428563e-05,-0.399804
,,,7.429563e-05,0.199902
,,,7.430563e-05,-0.399804
,,,7.431563e-05,-0.299853
,,,7.432563e-05,-0.299853
,,,7.433563e-05,-3.37508e-14
,,,7.434563e-05,-0.099951
,,,7.435563e-05,-0.099951
,,,7.436563e-05,-0.499755
,,,7.437563e-05,0.199902
,,,7.438563e-05,-0.499755
,,,7.439563e-05,0.199902
,,,7.440563e-05,-0.399804
,,,7.441563e-05,0.199902
,,,7.442563e-05,-0.299853
,,,7.443563e-05,-3.37508e-14
,,,7.444563e-05,-0.199902
,,,7.445563e-05,0.099951
,,,7.446563e-05,-0.299853
,,,7.447563e-05,0.099951
,,,7.448563e-05,-0.699657
,,,7.449563e-05,0.099951
,,,7.450563e-05,-0.099951
,,,7.451563e-05,-0.099951
,,,7.452563e-05,-0.599706
,,,7.453563e-05,-3.37508e-14
,,,7.454563e-05,0.099951
,,,7.455563e-05,-0.499755
,,,7.456563e-05,-0.299853
,,,7.457563e-05,0.099951
,,,7.458563e-05,-0.199902
,,,7.459563e-05,-0.199902
,,,7.460563e-05,-0.499755
,,,7.461563e-05,0.399804
,,,7.462563e-05,-0.599706
,,,7.463563e-05,-0.099951
,,,7.464563e-05,-0.499755
,,,7.465563e-05,0.299853
,,,7.466563e-05,-0.199902
,,,7.467563e-05,-3.37508e-14
,,,7.468563e-05,-0.199902
,,,7.469563e-05,0.499755
,,,7.470563e-05,-0.499755
,,,7.471563e-05,-0.199902
,,,7.472563e-05,-0.599706
,,,7.473563e-05,0.199902
,,,7.474563e-05,-0.499755
,,,7.475563e-05,0.399804
,,,7.476563e-05,-0.299853
,,,7.477563e-05,-3.37508e-14
,,,7.478563e-05,-0.199902
,,,7.479563e-05,0.099951
,,,7.480563e-05,-0.199902
,,,7.481563e-05,-0.099951
,,,7.482563e-05,-0.399804
,,,7.483563e-05,-3.37508e-14
,,,7.484563e-05,-0.299853
,,,7.485563e-05,0.199902
,,,7.486563e-05,-0.499755
,,,7.487563e-05,-0.199902
,,,7.488563e-05,-0.499755
,,,7.489563e-05,-3.37508e-14
,,,7.490563e-05,-0.399804
,,,7.491563e-05,-0.399804
,,,7.492563e-05,-0.599706
,,,7.493563e-05,-3.37508e-14
,,,7.494563e-05,-0.499755
,,,7.495563e-05,0.199902
,,,7.496563e-05,-0.399804
,,,7.497563e-05,0.299853
,,,7.498563e-05,-0.299853
,,,7.499563e-05,-0.099951
,,,7.500563e-05,-0.499755
,,,7.501563e-05,-0.199902
,,,7.502563e-05,-0.299853
,,,7.503563e-05,-0.299853
,,,7.504563e-05,-0.299853
,,,7.505563e-05,-3.37508e-14
,,,7.506563e-05,-0.199902
,,,7.507563e-05,0.099951
,,,7.508563e-05,-0.399804
,,,7.509563e-05,-0.199902
,,,7.510563e-05,-0.299853
,,,7.511563e-05,-0.299853
,,,7.512563e-05,-0.599706
,,,7.513563e-05,0.199902
,,,7.514563e-05,-0.399804
,,,7.515563e-05,-0.299853
,,,7.516563e-05,-0.499755
,,,7.517563e-05,0.199902
,,,7.518563e-05,-0.099951
,,,7.519563e-05,0.099951
,,,7.520563e-05,-0.299853
,,,7.521563e-05,0.299853
,,,7.522563e-05,-0.399804
,,,7.523563e-05,-0.499755
,,,7.524563e-05,-0.499755
,,,7.525563e-05,0.299853
,,,7.526563e-05,-3.37508e-14
,,,7.527563e-05,0.299853
,,,7.528563e-05,-0.499755
,,,7.529563e-05,0.299853
,,,7.530563e-05,-0.199902
,,,7.531563e-05,-0.199902
,,,7.532563e-05,-0.599706
,,,7.533563e-05,-0.199902
,,,7.534563e-05,-3.37508e-14
,,,7.535563e-05,0.299853
,,,7.536563e-05,-0.299853
,,,7.537563e-05,0.199902
,,,7.538563e-05,-0.099951
,,,7.539563e-05,-0.099951
,,,7.540563e-05,-0.499755
,,,7.541563e-05,0.099951
,,,7.542563e-05,-0.399804
,,,7.543563e-05,0.099951
,,,7.544563e-05,-0.299853
,,,7.545563e-05,-0.499755
,,,7.546563e-05,-0.499755
,,,7.547563e-05,-0.199902
,,,7.548563e-05,-0.199902
,,,7.549563e-05,0.299853
,,,7.550563e-05,-0.199902
,,,7.551563e-05,0.099951
,,,7.552563e-05,-0.299853
,,,7.553563e-05,0.199902
,,,7.554563e-05,-0.399804
,,,7.555563e-05,0.099951
,,,7.556563e-05,-0.899559
,,,7.557563e-05,0.299853
,,,7.558563e-05,-0.499755
,,,7.559563e-05,-0.099951
,,,7.560563e-05,-0.399804
,,,7.561563e-05,0.199902
,,,7.562563e-05,-0.699657
,,,7.563563e-05,-0.399804
,,,7.564563e-05,-0.399804
,,,7.565563e-05,0.099951
,,,7.566563e-05,-0.299853
,,,7.567563e-05,-0.199902
,,,7.568563e-05,-0.599706
,,,7.569563e-05,-0.199902
,,,7.570563e-05,-0.199902
,,,7.571563e-05,0.099951
,,,7.572563e-05,-0.399804
,,,7.573563e-05,0.099951
,,,7.574563e-05,-0.399804
,,,7.575563e-05,-0.599706
,,,7.576563e-05,-0.799608
,,,7.577563e-05,0.199902
,,,7.578563e-05,-0.399804
,,,7.579563e-05,-0.199902
,,,7.580563e-05,-0.499755
,,,7.581563e-05,0.099951
,,,7.582563e-05,-0.099951
,,,7.583563e-05,-0.099951
,,,7.584563e-05,-0.499755
,,,7.585563e-05,-3.37508e-14
,,,7.586563e-05,-0.399804
,,,7.587563e-05,-0.299853
,,,7.588563e-05,-0.499755
,,,7.589563e-05,-0.099951
,,,7.590563e-05,-0.299853
,,,7.591563e-05,-0.199902
,,,7.592563e-05,-0.299853
,,,7.593563e-05,0.199902
,,,7.594563e-05,-0.199902
,,,7.595563e-05,0.199902
,,,7.596563e-05,-0.699657
,,,7.597563e-05,-0.099951
,,,7.598563e-05,-0.299853
,,,7.599563e-05,-0.499755
,,,7.600563e-05,-0.499755
,,,7.601563e-05,0.199902
,,,7.602563e-05,-0.499755
,,,7.603563e-05,-0.199902
,,,7.604563e-05,-0.899559
,,,7.605563e-05,0.099951
,,,7.606563e-05,-0.399804
,,,7.607563e-05,0.099951
,,,7.608563e-05,-0.99951
,,,7.609563e-05,0.299853
,,,7.610563e-05,-0.299853
,,,7.611563e-05,-0.299853
,,,7.612563e-05,-0.799608
,,,7.613563e-05,-3.37508e-14
,,,7.614563e-05,-0.299853
,,,7.615563e-05,-0.199902
,,,7.616563e-05,-0.399804
,,,7.617563e-05,0.299853
,,,7.618563e-05,-0.399804
,,,7.619563e-05,-0.299853
,,,7.620563e-05,-0.599706
,,,7.621563e-05,-0.099951
,,,7.622563e-05,-3.37508e-14
,,,7.623563e-05,-0.199902
,,,7.624563e-05,-0.899559
,,,7.625563e-05,-3.37508e-14
,,,7.626563e-05,-0.099951
,,,7.627563e-05,-0.499755
,,,7.628563e-05,-0.299853
,,,7.629563e-05,-3.37508e-14
,,,7.630563e-05,0.099951
,,,7.631563e-05,0.199902
,,,7.632563e-05,-0.499755
,,,7.633563e-05,-0.199902
,,,7.634563e-05,-0.599706
,,,7.635563e-05,0.199902
,,,7.636563e-05,-0.499755
,,,7.637563e-05,0.299853
,,,7.638563e-05,-0.599706
,,,7.639563e-05,-0.099951
,,,7.640563e-05,-0.499755
,,,7.641563e-05,0.099951
,,,7.642563e-05,-0.099951
,,,7.643563e-05,0.099951
,,,7.644563e-05,-0.599706
,,,7.645563e-05,0.299853
,,,7.646563e-05,-0.099951
,,,7.647563e-05,-0.299853
,,,7.648563e-05,-0.699657
,,,7.649563e-05,-0.199902
,,,7.650563e-05,-0.399804
,,,7.651563e-05,-0.299853
,,,7.652563e-05,-0.699657
,,,7.653563e-05,0.199902
,,,7.654563e-05,-0.399804
,,,7.655563e-05,-0.499755
,,,7.656563e-05,-0.799608
,,,7.657563e-05,-0.099951
,,,7.658563e-05,-0.499755
,,,7.659563e-05,-0.199902
,,,7.660563e-05,-0.499755
,,,7.661563e-05,0.199902
,,,7.662563e-05,-0.399804
,,,7.663563e-05,-0.399804
,,,7.664563e-05,-0.799608
,,,7.665563e-05,-0.199902
,,,7.666563e-05,-0.299853
,,,7.667563e-05,-0.499755
,,,7.668563e-05,-0.699657
,,,7.669563e-05,-0.599706
,,,7.670563e-05,-0.199902
,,,7.671563e-05,-0.399804
,,,7.672563e-05,-0.499755
,,,7.673563e-05,0.499755
,,,7.674563e-05,-0.299853
,,,7.675563e-05,-0.099951
,,,7.676563e-05,-0.799608
,,,7.677563e-05,-0.099951
,,,7.678563e-05,-0.299853
,,,7.679563e-05,0.099951
,,,7.680563e-05,-0.799608
,,,7.681563e-05,0.199902
,,,7.682563e-05,-0.399804
,,,7.683563e-05,-0.499755
,,,7.684563e-05,-0.499755
,,,7.685563e-05,0.099951
,,,7.686563e-05,-0.599706
,,,7.687563e-05,0.399804
,,,7.688563e-05,-0.799608
,,,7.689563e-05,-0.099951
,,,7.690563e-05,-0.499755
,,,7.691563e-05,-0.299853
,,,7.692563e-05,-0.499755
,,,7.693563e-05,0.399804
,,,7.694563e-05,-0.599706
,,,7.695563e-05,-0.199902
,,,7.696563e-05,-0.699657
,,,7.697563e-05,0.399804
,,,7.698563e-05,-0.299853
,,,7.699563e-05,-3.37508e-14
,,,7.700563e-05,-0.799608
,,,7.701563e-05,-3.37508e-14
,,,7.702563e-05,-0.699657
,,,7.703563e-05,-0.499755
,,,7.704563e-05,-0.099951
,,,7.705563e-05,0.399804
,,,7.706563e-05,-0.399804
,,,7.707563e-05,-0.199902
,,,7.708563e-05,-0.499755
,,,7.709563e-05,-3.37508e-14
,,,7.710563e-05,-0.599706
,,,7.711563e-05,0.099951
,,,7.712563e-05,-0.799608
,,,7.713563e-05,-0.399804
,,,7.714563e-05,-0.399804
,,,7.715563e-05,-0.099951
,,,7.716563e-05,-0.499755
,,,7.717563e-05,-3.37508e-14
,,,7.718563e-05,-0.299853
,,,7.719563e-05,-0.399804
,,,7.720563e-05,-1.09946
,,,7.721563e-05,-0.599706
,,,7.722563e-05,-0.699657
,,,7.723563e-05,-0.499755
,,,7.724563e-05,-0.599706
,,,7.725563e-05,0.299853
,,,7.726563e-05,-0.699657
,,,7.727563e-05,-0.399804
,,,7.728563e-05,-0.899559
,,,7.729563e-05,-0.299853
,,,7.730563e-05,-0.399804
,,,7.731563e-05,-0.299853
,,,7.732563e-05,-0.699657
,,,7.733563e-05,0.299853
,,,7.734563e-05,-0.699657
,,,7.735563e-05,-0.399804
,,,7.736563e-05,-0.499755
,,,7.737563e-05,0.299853
,,,7.738563e-05,-0.399804
,,,7.739563e-05,-0.099951
,,,7.740563e-05,-0.199902
,,,7.741563e-05,-0.099951
,,,7.742563e-05,-0.299853
,,,7.743563e-05,-3.37508e-14
,,,7.744563e-05,-0.899559
,,,7.745563e-05,-0.499755
,,,7.746563e-05,-0.599706
,,,7.747563e-05,-0.299853
,,,7.748563e-05,-0.799608
,,,7.749563e-05,-0.099951
,,,7.750563e-05,0.099951
,,,7.751563e-05,-3.37508e-14
,,,7.752563e-05,-0.199902
,,,7.753563e-05,-0.299853
,,,7.754563e-05,-0.99951
,,,7.755563e-05,-0.099951
,,,7.756563e-05,-0.399804
,,,7.757563e-05,-3.37508e-14
,,,7.758563e-05,-0.399804
,,,7.759563e-05,-0.199902
,,,7.760563e-05,-0.899559
,,,7.761563e-05,-0.099951
,,,7.762563e-05,-0.599706
,,,7.763563e-05,-0.099951
,,,7.764563e-05,-0.399804
,,,7.765563e-05,0.299853
,,,7.766563e-05,-0.499755
,,,7.767563e-05,-0.099951
,,,7.768563e-05,-0.699657
,,,7.769563e-05,-0.299853
,,,7.770563e-05,-0.599706
,,,7.771563e-05,-0.399804
,,,7.772563e-05,-0.499755
,,,7.773563e-05,-3.37508e-14
,,,7.774563e-05,-0.499755
,,,7.775563e-05,-0.299853
,,,7.776563e-05,-0.599706
,,,7.777563e-05,0.099951
,,,7.778563e-05,-0.799608
,,,7.779563e-05,-0.599706
,,,7.780563e-05,-0.299853
,,,7.781563e-05,-0.199902
,,,7.782563e-05,-0.399804
,,,7.783563e-05,-0.599706
,,,7.784563e-05,-0.99951
,,,7.785563e-05,-0.599706
,,,7.786563e-05,-0.099951
,,,7.787563e-05,-0.299853
,,,7.788563e-05,-0.699657
,,,7.789563e-05,0.099951
,,,7.790563e-05,-0.399804
,,,7.791563e-05,-0.099951
,,,7.792563e-05,-0.699657
,,,7.793563e-05,-0.099951
,,,7.794563e-05,-0.199902
,,,7.795563e-05,-0.199902
,,,7.796563e-05,-0.399804
,,,7.797563e-05,-0.199902
,,,7.798563e-05,-0.599706
,,,7.799563e-05,-0.199902
,,,7.800563e-05,-0.99951
,,,7.801563e-05,-0.299853
,,,7.802563e-05,-0.199902
,,,7.803563e-05,-0.299853
,,,7.804563e-05,-0.399804
,,,7.805563e-05,0.099951
,,,7.806563e-05,-0.499755
,,,7.807563e-05,-0.099951
,,,7.808563e-05,-0.899559
,,,7.809563e-05,-3.37508e-14
,,,7.810563e-05,-0.299853
,,,7.811563e-05,-0.199902
,,,7.812563e-05,-1.09946
,,,7.813563e-05,0.099951
,,,7.814563e-05,-0.499755
,,,7.815563e-05,-0.199902
,,,7.816563e-05,-1.09946
,,,7.817563e-05,-3.37508e-14
,,,7.818563e-05,-0.199902
,,,7.819563e-05,-0.299853
,,,7.820563e-05,-0.199902
,,,7.821563e-05,-0.299853
,,,7.822563e-05,-0.399804
,,,7.823563e-05,0.099951
,,,7.824563e-05,-0.299853
,,,7.825563e-05,-0.199902
,,,7.826563e-05,-0.599706
,,,7.827563e-05,-0.599706
,,,7.828563e-05,-0.399804
,,,7.829563e-05,-3.37508e-14
,,,7.830563e-05,-0.599706
,,,7.831563e-05,-3.37508e-14
,,,7.832563e-05,-0.399804
,,,7.833563e-05,-0.099951
,,,7.834563e-05,-0.599706
,,,7.835563e-05,0.099951
,,,7.836563e-05,-0.899559
,,,7.837563e-05,-0.299853
,,,7.838563e-05,-0.499755
,,,7.839563e-05,-0.699657
,,,7.840563e-05,-0.799608
,,,7.841563e-05,-0.199902
,,,7.842563e-05,-0.599706
,,,7.843563e-05,-0.099951
,,,7.844563e-05,-0.699657
,,,7.845563e-05,0.099951
,,,7.846563e-05,-0.799608
,,,7.847563e-05,-0.199902
,,,7.848563e-05,-0.799608
,,,7.849563e-05,-0.399804
,,,7.850563e-05,-0.699657
,,,7.851563e-05,-0.099951
,,,7.852563e-05,-0.699657
,,,7.853563e-05,-0.399804
,,,7.854563e-05,-0.499755
,,,7.855563e-05,-0.399804
,,,7.856563e-05,-0.799608
,,,7.857563e-05,-0.199902
,,,7.858563e-05,-0.299853
,,,7.859563e-05,-0.699657
,,,7.860563e-05,-0.899559
,,,7.861563e-05,-0.199902
,,,7.862563e-05,-0.199902
,,,7.863563e-05,0.299853
,,,7.864563e-05,-0.499755
,,,7.865563e-05,0.099951
,,,7.866563e-05,-0.799608
,,,7.867563e-05,-0.299853
,,,7.868563e-05,-0.99951
,,,7.869563e-05,0.199902
,,,7.870563e-05,-0.499755
,,,7.871563e-05,-0.299853
,,,7.872563e-05,-0.99951
,,,7.873563e-05,-0.299853
,,,7.874563e-05,-0.699657
,,,7.875563e-05,-0.599706
,,,7.876563e-05,-0.699657
,,,7.877563e-05,-3.37508e-14
,,,7.878563e-05,-0.399804
,,,7.879563e-05,-0.299853
,,,7.880563e-05,-0.499755
,,,7.881563e-05,0.099951
,,,7.882563e-05,-0.399804
,,,7.883563e-05,-0.699657
,,,7.884563e-05,-0.699657
,,,7.885563e-05,-0.199902
,,,7.886563e-05,-0.299853
,,,7.887563e-05,-0.499755
,,,7.888563e-05,-0.699657
,,,7.889563e-05,-0.299853
,,,7.890563e-05,-0.299853
,,,7.891563e-05,-0.599706
,,,7.892563e-05,-0.799608
,,,7.893563e-05,-3.37508e-14
,,,7.894563e-05,-0.399804
,,,7.895563e-05,-3.37508e-14
,,,7.896563e-05,-0.399804
,,,7.897563e-05,-0.199902
,,,7.898563e-05,-0.799608
,,,7.899563e-05,-0.299853
,,,7.900563e-05,-0.599706
,,,7.901563e-05,0.199902
,,,7.902563e-05,-0.499755
,,,7.903563e-05,-0.399804
,,,7.904563e-05,-0.599706
,,,7.905563e-05,0.099951
,,,7.906563e-05,-0.499755
,,,7.907563e-05,-0.599706
,,,7.908563e-05,-0.799608
,,,7.909563e-05,-0.199902
,,,7.910563e-05,-0.499755
,,,7.911563e-05,-0.399804
,,,7.912563e-05,-0.499755
,,,7.913563e-05,-0.199902
,,,7.914563e-05,-0.699657
,,,7.915563e-05,-0.499755
,,,7.916563e-05,-0.399804
,,,7.917563e-05,-3.37508e-14
,,,7.918563e-05,-0.399804
,,,7.919563e-05,-0.699657
,,,7.920563e-05,-0.899559
,,,7.921563e-05,-0.299853
,,,7.922563e-05,-0.599706
,,,7.923563e-05,-0.399804
,,,7.924563e-05,-0.799608
,,,7.925563e-05,-0.299853
,,,7.926563e-05,-0.699657
,,,7.927563e-05,-0.299853
,,,7.928563e-05,-0.599706
,,,7.929563e-05,0.099951
,,,7.930563e-05,-0.199902
,,,7.931563e-05,-0.399804
,,,7.932563e-05,-0.699657
,,,7.933563e-05,-0.299853
,,,7.934563e-05,-0.499755
,,,7.935563e-05,-0.199902
,,,7.936563e-05,-0.499755
,,,7.937563e-05,-0.099951
,,,7.938563e-05,-0.399804
,,,7.939563e-05,-0.299853
,,,7.940563e-05,-0.799608
,,,7.941563e-05,-3.37508e-14
,,,7.942563e-05,-0.599706
,,,7.943563e-05,-3.37508e-14
,,,7.944563e-05,-0.599706
,,,7.945563e-05,0.099951
,,,7.946563e-05,-0.199902
,,,7.947563e-05,-0.199902
,,,7.948563e-05,-1.19941
,,,7.949563e-05,0.199902
,,,7.950563e-05,-0.599706
,,,7.951563e-05,-0.099951
,,,7.952563e-05,-0.599706
,,,7.953563e-05,-0.299853
,,,7.954563e-05,-0.599706
,,,7.955563e-05,-0.899559
,,,7.956563e-05,-0.699657
,,,7.957563e-05,-0.399804
,,,7.958563e-05,-0.499755
,,,7.959563e-05,-0.099951
,,,7.960563e-05,-1.09946
,,,7.961563e-05,-0.299853
,,,7.962563e-05,-0.499755
,,,7.963563e-05,-0.599706
,,,7.964563e-05,-1.19941
,,,7.965563e-05,-0.199902
,,,7.966563e-05,-0.899559
,,,7.967563e-05,-0.099951
,,,7.968563e-05,-0.899559
,,,7.969563e-05,-3.37508e-14
,,,7.970563e-05,-0.399804
,,,7.971563e-05,-0.499755
,,,7.972563e-05,-0.99951
,,,7.973563e-05,-0.199902
,,,7.974563e-05,-0.699657
,,,7.975563e-05,0.099951
,,,7.976563e-05,-0.799608
,,,7.977563e-05,-3.37508e-14
,,,7.978563e-05,-0.499755
,,,7.979563e-05,-0.399804
,,,7.980563e-05,-1.19941
,,,7.981563e-05,-3.37508e-14
,,,7.982563e-05,-0.299853
,,,7.983563e-05,-0.199902
,,,7.984563e-05,-0.499755
,,,7.985563e-05,-3.37508e-14
,,,7.986563e-05,-0.499755
,,,7.987563e-05,-0.299853
,,,7.988563e-05,-0.699657
,,,7.989563e-05,0.299853
,,,7.990563e-05,-0.399804
,,,7.991563e-05,-0.199902
,,,7.992563e-05,-0.699657
,,,7.993563e-05,-3.37508e-14
,,,7.994563e-05,-0.699657
,,,7.995563e-05,-0.099951
,,,7.996563e-05,-0.899559
,,,7.997563e-05,-0.099951
,,,7.998563e-05,-0.599706
,,,7.999563e-05,-3.37508e-14
,,,8.000563e-05,-0.499755
,,,8.001563e-05,-0.199902
,,,8.002563e-05,-0.499755
,,,8.003563e-05,-0.299853
,,,8.004563e-05,-0.699657
,,,8.005563e-05,-0.299853
,,,8.006563e-05,-3.37508e-14
,,,8.007563e-05,-0.499755
,,,8.008563e-05,-0.499755
,,,8.009563e-05,-0.099951
,,,8.010563e-05,-0.499755
,,,8.011563e-05,-0.299853
,,,8.012563e-05,-0.899559
,,,8.013563e-05,-3.37508e-14
,,,8.014563e-05,-0.199902
,,,8.015563e-05,-0.099951
,,,8.016563e-05,-1.09946
,,,8.017563e-05,-0.499755
,,,8.018563e-05,-0.599706
,,,8.019563e-05,-0.699657
,,,8.020563e-05,-0.799608
,,,8.021563e-05,-3.37508e-14
,,,8.022563e-05,-0.599706
,,,8.023563e-05,-0.499755
,,,8.024563e-05,-0.699657
,,,8.025563e-05,0.199902
,,,8.026563e-05,-0.599706
,,,8.027563e-05,-0.299853
,,,8.028563e-05,-0.899559
,,,8.029563e-05,-0.299853
,,,8.030563e-05,-0.599706
,,,8.031563e-05,-0.099951
,,,8.032563e-05,-0.899559
,,,8.033563e-05,-3.37508e-14
,,,8.034563e-05,-0.399804
,,,8.035563e-05,-0.199902
,,,8.036563e-05,-0.799608
,,,8.037563e-05,-0.299853
,,,8.038563e-05,-0.799608
,,,8.039563e-05,-0.299853
,,,8.040563e-05,-1.19941
,,,8.041563e-05,-3.37508e-14
,,,8.042563e-05,-0.299853
,,,8.043563e-05,0.099951
,,,8.044563e-05,-0.699657
,,,8.045563e-05,-0.299853
,,,8.046563e-05,-0.499755
,,,8.047563e-05,-3.37508e-14
,,,8.048563e-05,-0.599706
,,,8.049563e-05,-0.299853
,,,8.050563e-05,-0.499755
,,,8.051563e-05,-0.199902
,,,8.052563e-05,-0.699657
,,,8.053563e-05,-0.499755
,,,8.054563e-05,-0.599706
,,,8.055563e-05,-0.799608
,,,8.056563e-05,-0.799608
,,,8.057563e-05,-0.199902
,,,8.058563e-05,-0.599706
,,,8.059563e-05,-0.099951
,,,8.060563e-05,-0.799608
,,,8.061563e-05,-3.37508e-14
,,,8.062563e-05,-0.399804
,,,8.063563e-05,-3.37508e-14
,,,8.064563e-05,-0.599706
,,,8.065563e-05,-0.099951
,,,8.066563e-05,-0.899559
,,,8.067563e-05,-0.399804
,,,8.068563e-05,-0.899559
,,,8.069563e-05,-0.399804
,,,8.070563e-05,-0.499755
,,,8.071563e-05,-0.299853
,,,8.072563e-05,-0.99951
,,,8.073563e-05,-0.299853
,,,8.074563e-05,-0.499755
,,,8.075563e-05,-0.499755
,,,8.076563e-05,-0.99951
,,,8.077563e-05,-3.37508e-14
,,,8.078563e-05,-0.599706
,,,8.079563e-05,-0.399804
,,,8.080563e-05,-0.99951
,,,8.081563e-05,-0.299853
,,,8.082563e-05,-0.699657
,,,8.083563e-05,-0.599706
,,,8.084563e-05,-0.599706
,,,8.085563e-05,-0.199902
,,,8.086563e-05,-0.499755
,,,8.087563e-05,0.199902
,,,8.088563e-05,-0.799608
,,,8.089563e-05,-0.199902
,,,8.090563e-05,-0.299853
,,,8.091563e-05,-0.699657
,,,8.092563e-05,-0.399804
,,,8.093563e-05,-0.299853
,,,8.094563e-05,-0.199902
,,,8.095563e-05,0.099951
,,,8.096563e-05,-0.899559
,,,8.097563e-05,-3.37508e-14
,,,8.098563e-05,-0.399804
,,,8.099563e-05,-0.199902
,,,8.100563e-05,-0.399804
,,,8.101563e-05,-0.099951
,,,8.102563e-05,-0.599706
,,,8.103563e-05,-0.399804
,,,8.104563e-05,-0.599706
,,,8.105563e-05,-3.37508e-14
,,,8.106563e-05,-3.37508e-14
,,,8.107563e-05,-0.399804
,,,8.108563e-05,-0.799608
,,,8.109563e-05,0.099951
,,,8.110563e-05,-0.399804
,,,8.111563e-05,-3.37508e-14
,,,8.112563e-05,-0.799608
,,,8.113563e-05,-0.099951
,,,8.114563e-05,-0.599706
,,,8.115563e-05,-0.299853
,,,8.116563e-05,-0.699657
,,,8.117563e-05,-0.199902
,,,8.118563e-05,-0.399804
,,,8.119563e-05,-0.299853
,,,8.120563e-05,-0.799608
,,,8.121563e-05,-0.199902
,,,8.122563e-05,-0.499755
,,,8.123563e-05,-0.299853
,,,8.124563e-05,-1.09946
,,,8.125563e-05,-0.599706
,,,8.126563e-05,-0.899559
,,,8.127563e-05,-0.199902
,,,8.128563e-05,-0.299853
,,,8.129563e-05,-0.199902
,,,8.130563e-05,-0.599706
,,,8.131563e-05,-0.099951
,,,8.132563e-05,-0.799608
,,,8.133563e-05,-0.299853
,,,8.134563e-05,-0.899559
,,,8.135563e-05,-0.299853
,,,8.136563e-05,-0.499755
,,,8.137563e-05,-0.199902
,,,8.138563e-05,-0.799608
,,,8.139563e-05,-0.099951
,,,8.140563e-05,-0.899559
,,,8.141563e-05,-0.199902
,,,8.142563e-05,-0.799608
,,,8.143563e-05,-0.399804
,,,8.144563e-05,-0.599706
,,,8.145563e-05,-3.37508e-14
,,,8.146563e-05,-0.399804
,,,8.147563e-05,-0.199902
,,,8.148563e-05,-0.599706
,,,8.149563e-05,0.099951
,,,8.150563e-05,-0.499755
,,,8.151563e-05,-0.299853
,,,8.152563e-05,-0.899559
,,,8.153563e-05,-0.299853
,,,8.154563e-05,-0.399804
,,,8.155563e-05,-3.37508e-14
,,,8.156563e-05,-0.399804
,,,8.157563e-05,-0.199902
,,,8.158563e-05,-0.299853
,,,8.159563e-05,-0.699657
,,,8.160563e-05,-0.399804
,,,8.161563e-05,0.499755
,,,8.162563e-05,-0.199902
,,,8.163563e-05,-0.399804
,,,8.164563e-05,-0.599706
,,,8.165563e-05,-0.299853
,,,8.166563e-05,-0.399804
,,,8.167563e-05,-0.499755
,,,8.168563e-05,-1.09946
,,,8.169563e-05,-0.199902
,,,8.170563e-05,-0.699657
,,,8.171563e-05,-0.399804
,,,8.172563e-05,-0.699657
,,,8.173563e-05,0.099951
,,,8.174563e-05,-0.399804
,,,8.175563e-05,-0.399804
,,,8.176563e-05,-0.899559
,,,8.177563e-05,-0.199902
,,,8.178563e-05,-0.499755
,,,8.179563e-05,-0.699657
,,,8.180563e-05,-0.599706
,,,8.181563e-05,-0.099951
,,,8.182563e-05,-0.399804
,,,8.183563e-05,-0.699657
,,,8.184563e-05,-0.599706
,,,8.185563e-05,0.099951
,,,8.186563e-05,-0.099951
,,,8.187563e-05,-0.299853
,,,8.188563e-05,-0.699657
,,,8.189563e-05,-0.199902
,,,8.190563e-05,-0.199902
,,,8.191563e-05,-0.699657
,,,8.192563e-05,-0.199902
,,,8.193563e-05,-0.299853
,,,8.194563e-05,-0.799608
,,,8.195563e-05,-0.499755
,,,8.196563e-05,-0.599706
,,,8.197563e-05,-3.37508e-14
,,,8.198563e-05,-0.699657
,,,8.199563e-05,-0.199902
,,,8.200563e-05,-0.499755
,,,8.201563e-05,0.199902
,,,8.202563e-05,-0.399804
,,,8.203563e-05,-0.199902
,,,8.204563e-05,-0.299853
,,,8.205563e-05,-0.099951
,,,8.206563e-05,-0.299853
,,,8.207563e-05,-0.299853
,,,8.208563e-05,-0.899559
,,,8.209563e-05,-0.399804
,,,8.210563e-05,-0.499755
,,,8.211563e-05,-0.099951
,,,8.212563e-05,-0.699657
,,,8.213563e-05,-0.199902
,,,8.214563e-05,-0.499755
,,,8.215563e-05,-0.399804
,,,8.216563e-05,-0.499755
,,,8.217563e-05,-0.299853
,,,8.218563e-05,-0.299853
,,,8.219563e-05,-0.299853
,,,8.220563e-05,-0.599706
,,,8.221563e-05,-0.099951
,,,8.222563e-05,-0.699657
,,,8.223563e-05,0.099951
,,,8.224563e-05,-0.499755
,,,8.225563e-05,-3.37508e-14
,,,8.226563e-05,-0.599706
,,,8.227563e-05,-0.499755
,,,8.228563e-05,-0.399804
,,,8.229563e-05,-0.099951
,,,8.230563e-05,-0.399804
,,,8.231563e-05,0.099951
,,,8.232563e-05,-0.399804
,,,8.233563e-05,-0.199902
,,,8.234563e-05,-0.499755
,,,8.235563e-05,-0.399804
,,,8.236563e-05,-0.599706
,,,8.237563e-05,0.299853
,,,8.238563e-05,-0.299853
,,,8.239563e-05,-0.499755
,,,8.240563e-05,-0.499755
,,,8.241563e-05,0.299853
,,,8.242563e-05,-0.399804
,,,8.243563e-05,-0.299853
,,,8.244563e-05,-0.499755
,,,8.245563e-05,0.199902
,,,8.246563e-05,-0.599706
,,,8.247563e-05,-0.399804
,,,8.248563e-05,-0.99951
,,,8.249563e-05,-0.499755
,,,8.250563e-05,-0.699657
,,,8.251563e-05,-0.499755
,,,8.252563e-05,-0.499755
,,,8.253563e-05,-0.299853
,,,8.254563e-05,-0.499755
,,,8.255563e-05,-0.499755
,,,8.256563e-05,-1.09946
,,,8.257563e-05,-0.099951
,,,8.258563e-05,-0.699657
,,,8.259563e-05,-0.299853
,,,8.260563e-05,-0.799608
,,,8.261563e-05,-0.299853
,,,8.262563e-05,-0.299853
,,,8.263563e-05,-0.299853
,,,8.264563e-05,-0.399804
,,,8.265563e-05,0.099951
,,,8.266563e-05,-0.599706
,,,8.267563e-05,-0.099951
,,,8.268563e-05,-0.499755
,,,8.269563e-05,-0.099951
,,,8.270563e-05,-0.299853
,,,8.271563e-05,-0.399804
,,,8.272563e-05,-0.699657
,,,8.273563e-05,-0.099951
,,,8.274563e-05,-0.099951
,,,8.275563e-05,-0.199902
,,,8.276563e-05,-0.599706
,,,8.277563e-05,-0.299853
,,,8.278563e-05,-0.199902
,,,8.279563e-05,-0.399804
,,,8.280563e-05,-0.499755
,,,8.281563e-05,0.099951
,,,8.282563e-05,-0.599706
,,,8.283563e-05,-0.199902
,,,8.284563e-05,-0.899559
,,,8.285563e-05,0.299853
,,,8.286563e-05,-3.37508e-14
,,,8.287563e-05,-0.499755
,,,8.288563e-05,-0.599706
,,,8.289563e-05,0.199902
,,,8.290563e-05,-0.599706
,,,8.291563e-05,-0.499755
,,,8.292563e-05,-0.399804
,,,8.293563e-05,0.199902
,,,8.294563e-05,-0.499755
,,,8.295563e-05,-0.199902
,,,8.296563e-05,-0.499755
,,,8.297563e-05,0.099951
,,,8.298563e-05,-0.399804
,,,8.299563e-05,-0.399804
,,,8.300563e-05,-0.299853
,,,8.301563e-05,0.099951
,,,8.302563e-05,-0.099951
,,,8.303563e-05,0.099951
,,,8.304563e-05,-0.599706
,,,8.305563e-05,-0.199902
,,,8.306563e-05,-0.399804
,,,8.307563e-05,-3.37508e-14
,,,8.308563e-05,-0.799608
,,,8.309563e-05,-3.37508e-14
,,,8.310563e-05,-0.399804
,,,8.311563e-05,-0.499755
,,,8.312563e-05,-0.899559
,,,8.313563e-05,-0.199902
,,,8.314563e-05,-0.499755
,,,8.315563e-05,-0.199902
,,,8.316563e-05,-0.699657
,,,8.317563e-05,0.099951
,,,8.318563e-05,-0.299853
,,,8.319563e-05,-0.899559
,,,8.320563e-05,-0.699657
,,,8.321563e-05,-0.199902
,,,8.322563e-05,-0.699657
,,,8.323563e-05,-0.699657
,,,8.324563e-05,-0.99951
,,,8.325563e-05,-0.099951
,,,8.326563e-05,-0.499755
,,,8.327563e-05,-0.399804
,,,8.328563e-05,-0.699657
,,,8.329563e-05,-0.099951
,,,8.330563e-05,-0.799608
,,,8.331563e-05,-0.599706
,,,8.332563e-05,-0.899559
,,,8.333563e-05,-0.099951
,,,8.334563e-05,-0.299853
,,,8.335563e-05,-0.199902
,,,8.336563e-05,-0.599706
,,,8.337563e-05,0.499755
,,,8.338563e-05,-0.399804
,,,8.339563e-05,-0.599706
,,,8.340563e-05,-0.499755
,,,8.341563e-05,0.099951
,,,8.342563e-05,-0.599706
,,,8.343563e-05,-0.599706
,,,8.344563e-05,-0.899559
,,,8.345563e-05,-0.099951
,,,8.346563e-05,-0.599706
,,,8.347563e-05,-0.199902
,,,8.348563e-05,-0.399804
,,,8.349563e-05,-3.37508e-14
,,,8.350563e-05,-0.299853
,,,8.351563e-05,-0.599706
,,,8.352563e-05,-0.599706
,,,8.353563e-05,-0.399804
,,,8.354563e-05,-0.199902
,,,8.355563e-05,0.199902
,,,8.356563e-05,-0.499755
,,,8.357563e-05,-3.37508e-14
,,,8.358563e-05,-0.399804
,,,8.359563e-05,-0.199902
,,,8.360563e-05,-0.699657
,,,8.361563e-05,0.099951
,,,8.362563e-05,-0.599706
,,,8.363563e-05,-0.399804
,,,8.364563e-05,-0.699657
,,,8.365563e-05,0.299853
,,,8.366563e-05,-0.399804
,,,8.367563e-05,-0.299853
,,,8.368563e-05,-0.799608
,,,8.369563e-05,-3.37508e-14
,,,8.370563e-05,-0.499755
,,,8.371563e-05,-0.199902
,,,8.372563e-05,-0.599706
,,,8.373563e-05,0.299853
,,,8.374563e-05,-0.499755
,,,8.375563e-05,-3.37508e-14
,,,8.376563e-05,-0.599706
,,,8.377563e-05,0.199902
,,,8.378563e-05,-0.099951
,,,8.379563e-05,-3.37508e-14
,,,8.380563e-05,-0.899559
,,,8.381563e-05,-0.199902
,,,8.382563e-05,-0.399804
,,,8.383563e-05,-0.099951
,,,8.384563e-05,-0.899559
,,,8.385563e-05,-0.199902
,,,8.386563e-05,-0.299853
,,,8.387563e-05,-0.399804
,,,8.388563e-05,-0.599706
,,,8.389563e-05,-0.199902
,,,8.390563e-05,-0.699657
,,,8.391563e-05,-0.299853
,,,8.392563e-05,-0.599706
,,,8.393563e-05,-0.299853
,,,8.394563e-05,-0.699657
,,,8.395563e-05,-3.37508e-14
,,,8.396563e-05,-0.899559
,,,8.397563e-05,-0.099951
,,,8.398563e-05,-0.399804
,,,8.399563e-05,-0.199902
,,,8.400563e-05,-0.599706
,,,8.401563e-05,0.099951
,,,8.402563e-05,-0.499755
,,,8.403563e-05,-0.799608
,,,8.404563e-05,-0.699657
,,,8.405563e-05,0.099951
,,,8.406563e-05,-0.499755
,,,8.407563e-05,-0.199902
,,,8.408563e-05,-0.499755
,,,8.409563e-05,0.099951
,,,8.410563e-05,-0.099951
,,,8.411563e-05,-0.099951
,,,8.412563e-05,-0.399804
,,,8.413563e-05,-3.37508e-14
,,,8.414563e-05,-0.599706
,,,8.415563e-05,-0.799608
,,,8.416563e-05,-0.899559
,,,8.417563e-05,0.199902
,,,8.418563e-05,-0.499755
,,,8.419563e-05,0.099951
,,,8.420563e-05,-0.499755
,,,8.421563e-05,-0.499755
,,,8.422563e-05,-0.299853
,,,8.423563e-05,-0.199902
,,,8.424563e-05,-0.399804
,,,8.425563e-05,0.299853
,,,8.426563e-05,-0.299853
,,,8.427563e-05,-0.399804
,,,8.428563e-05,-0.699657
,,,8.429563e-05,-0.499755
,,,8.430563e-05,-0.599706
,,,8.431563e-05,-0.099951
,,,8.432563e-05,-0.399804
,,,8.433563e-05,0.199902
,,,8.434563e-05,-0.399804
,,,8.435563e-05,-3.37508e-14
,,,8.436563e-05,-3.37508e-14
,,,8.437563e-05,0.399804
,,,8.438563e-05,-0.199902
,,,8.439563e-05,-0.199902
,,,8.440563e-05,-0.199902
,,,8.441563e-05,-0.299853
,,,8.442563e-05,-0.499755
,,,8.443563e-05,-3.37508e-14
,,,8.444563e-05,-0.399804
,,,8.445563e-05,0.199902
,,,8.446563e-05,-0.499755
,,,8.447563e-05,-0.399804
,,,8.448563e-05,-0.599706
,,,8.449563e-05,-0.099951
,,,8.450563e-05,-0.499755
,,,8.451563e-05,-0.299853
,,,8.452563e-05,-0.599706
,,,8.453563e-05,0.199902
,,,8.454563e-05,-0.399804
,,,8.455563e-05,-0.299853
,,,8.456563e-05,-0.699657
,,,8.457563e-05,-0.199902
,,,8.458563e-05,-0.599706
,,,8.459563e-05,-0.299853
,,,8.460563e-05,-0.399804
,,,8.461563e-05,-3.37508e-14
,,,8.462563e-05,-0.399804
,,,8.463563e-05,-0.399804
,,,8.464563e-05,-0.599706
,,,8.465563e-05,-3.37508e-14
,,,8.466563e-05,-0.399804
,,,8.467563e-05,-0.399804
,,,8.468563e-05,-0.99951
,,,8.469563e-05,0.099951
,,,8.470563e-05,-0.499755
,,,8.471563e-05,-0.199902
,,,8.472563e-05,-0.699657
,,,8.473563e-05,-0.299853
,,,8.474563e-05,-0.099951
,,,8.475563e-05,-0.199902
,,,8.476563e-05,-0.599706
,,,8.477563e-05,0.099951
,,,8.478563e-05,-0.699657
,,,8.479563e-05,-0.199902
,,,8.480563e-05,-0.899559
,,,8.481563e-05,-0.199902
,,,8.482563e-05,-0.399804
,,,8.483563e-05,-0.399804
,,,8.484563e-05,-0.499755
,,,8.485563e-05,0.099951
,,,8.486563e-05,-0.599706
,,,8.487563e-05,-0.499755
,,,8.488563e-05,-0.599706
,,,8.489563e-05,-0.299853
,,,8.490563e-05,-0.499755
,,,8.491563e-05,-3.37508e-14
,,,8.492563e-05,-0.299853
,,,8.493563e-05,-0.299853
,,,8.494563e-05,-0.299853
,,,8.495563e-05,-0.299853
,,,8.496563e-05,-0.499755
,,,8.497563e-05,-0.199902
,,,8.498563e-05,-0.399804
,,,8.499563e-05,-0.199902
,,,8.500563e-05,-0.699657
,,,8.501563e-05,0.199902
,,,8.502563e-05,-0.399804
,,,8.503563e-05,-0.399804
,,,8.504563e-05,-0.599706
,,,8.505563e-05,-0.099951
,,,8.506563e-05,-0.499755
,,,8.507563e-05,0.099951
,,,8.508563e-05,-0.899559
,,,8.509563e-05,-0.299853
,,,8.510563e-05,-0.399804
,,,8.511563e-05,-0.399804
,,,8.512563e-05,-0.599706
,,,8.513563e-05,0.099951
,,,8.514563e-05,-0.299853
,,,8.515563e-05,-0.099951
,,,8.516563e-05,-0.699657
,,,8.517563e-05,0.199902
,,,8.518563e-05,-0.299853
,,,8.519563e-05,-0.299853
,,,8.520563e-05,-0.399804
,,,8.521563e-05,-0.099951
,,,8.522563e-05,-0.599706
,,,8.523563e-05,-0.099951
,,,8.524563e-05,-0.799608
,,,8.525563e-05,-0.299853
,,,8.526563e-05,-0.499755
,,,8.527563e-05,-0.399804
,,,8.528563e-05,-0.699657
,,,8.529563e-05,0.199902
,,,8.530563e-05,-0.199902
,,,8.531563e-05,0.099951
,,,8.532563e-05,-0.499755
,,,8.533563e-05,-0.199902
,,,8.534563e-05,-0.299853
,,,8.535563e-05,0.299853
,,,8.536563e-05,-0.699657
,,,8.537563e-05,-0.199902
,,,8.538563e-05,-0.499755
,,,8.539563e-05,-0.099951
,,,8.540563e-05,-0.399804
,,,8.541563e-05,0.199902
,,,8.542563e-05,-0.199902
,,,8.543563e-05,-0.099951
,,,8.544563e-05,-0.199902
,,,8.545563e-05,-0.199902
,,,8.546563e-05,-0.299853
,,,8.547563e-05,-0.399804
,,,8.548563e-05,-0.699657
,,,8.549563e-05,-0.099951
,,,8.550563e-05,-0.499755
,,,8.551563e-05,-0.399804
,,,8.552563e-05,-0.899559
,,,8.553563e-05,0.199902
,,,8.554563e-05,-0.199902
,,,8.555563e-05,0.099951
,,,8.556563e-05,-0.399804
,,,8.557563e-05,0.099951
,,,8.558563e-05,-0.199902
,,,8.559563e-05,-0.199902
,,,8.560563e-05,-0.699657
,,,8.561563e-05,-0.099951
,,,8.562563e-05,-3.37508e-14
,,,8.563563e-05,-0.499755
,,,8.564563e-05,-0.599706
,,,8.565563e-05,-3.37508e-14
,,,8.566563e-05,-0.399804
,,,8.567563e-05,0.199902
,,,8.568563e-05,-0.799608
,,,8.569563e-05,-0.099951
,,,8.570563e-05,-0.299853
,,,8.571563e-05,-0.099951
,,,8.572563e-05,-0.599706
,,,8.573563e-05,-0.399804
,,,8.574563e-05,-0.499755
,,,8.575563e-05,-0.099951
,,,8.576563e-05,-0.499755
,,,8.577563e-05,-0.099951
,,,8.578563e-05,-0.399804
,,,8.579563e-05,-3.37508e-14
,,,8.580563e-05,-0.399804
,,,8.581563e-05,-3.37508e-14
,,,8.582563e-05,-0.299853
,,,8.583563e-05,0.399804
,,,8.584563e-05,-0.599706
,,,8.585563e-05,-0.099951
,,,8.586563e-05,-0.299853
,,,8.587563e-05,-0.499755
,,,8.588563e-05,-0.599706
,,,8.589563e-05,0.299853
,,,8.590563e-05,-0.499755
,,,8.591563e-05,-0.199902
,,,8.592563e-05,-0.099951
,,,8.593563e-05,-3.37508e-14
,,,8.594563e-05,-0.499755
,,,8.595563e-05,0.299853
,,,8.596563e-05,-0.699657
,,,8.597563e-05,-0.099951
,,,8.598563e-05,-0.299853
,,,8.599563e-05,-3.37508e-14
,,,8.600563e-05,-0.399804
,,,8.601563e-05,-0.199902
,,,8.602563e-05,-0.699657
,,,8.603563e-05,-0.099951
,,,8.604563e-05,-0.599706
,,,8.605563e-05,0.099951
,,,8.606563e-05,-0.099951
,,,8.607563e-05,0.199902
,,,8.608563e-05,-0.499755
,,,8.609563e-05,-3.37508e-14
,,,8.610563e-05,-0.099951
,,,8.611563e-05,-0.399804
,,,8.612563e-05,-0.699657
,,,8.613563e-05,-0.099951
,,,8.614563e-05,0.099951
,,,8.615563e-05,-3.37508e-14
,,,8.616563e-05,-0.399804
,,,8.617563e-05,0.099951
,,,8.618563e-05,-0.299853
,,,8.619563e-05,-0.099951
,,,8.620563e-05,-0.699657
,,,8.621563e-05,-3.37508e-14
,,,8.622563e-05,-0.299853
,,,8.623563e-05,-0.199902
,,,8.624563e-05,-0.499755
,,,8.625563e-05,0.399804
,,,8.626563e-05,-0.099951
,,,8.627563e-05,-0.099951
,,,8.628563e-05,-0.499755
,,,8.629563e-05,0.099951
,,,8.630563e-05,-0.399804
,,,8.631563e-05,-0.299853
,,,8.632563e-05,-1.09946
,,,8.633563e-05,-0.199902
,,,8.634563e-05,-0.299853
,,,8.635563e-05,-3.37508e-14
,,,8.636563e-05,-0.699657
,,,8.637563e-05,0.299853
,,,8.638563e-05,-0.699657
,,,8.639563e-05,-0.299853
,,,8.640563e-05,-0.299853
,,,8.641563e-05,-3.37508e-14
,,,8.642563e-05,-0.099951
,,,8.643563e-05,-0.099951
,,,8.644563e-05,-0.599706
,,,8.645563e-05,-3.37508e-14
,,,8.646563e-05,-0.399804
,,,8.647563e-05,-0.599706
,,,8.648563e-05,-0.399804
,,,8.649563e-05,-3.37508e-14
,,,8.650563e-05,0.099951
,,,8.651563e-05,-0.299853
,,,8.652563e-05,-0.799608
,,,8.653563e-05,-0.099951
,,,8.654563e-05,-0.199902
,,,8.655563e-05,-3.37508e-14
,,,8.656563e-05,-0.199902
,,,8.657563e-05,0.199902
,,,8.658563e-05,-0.499755
,,,8.659563e-05,-0.399804
,,,8.660563e-05,-0.899559
,,,8.661563e-05,-0.099951
,,,8.662563e-05,-0.199902
,,,8.663563e-05,-0.499755
,,,8.664563e-05,-0.99951
,,,8.665563e-05,-0.299853
,,,8.666563e-05,-0.699657
,,,8.667563e-05,-0.199902
,,,8.668563e-05,-0.399804
,,,8.669563e-05,0.099951
,,,8.670563e-05,0.099951
,,,8.671563e-05,-0.199902
,,,8.672563e-05,-1.09946
,,,8.673563e-05,-0.199902
,,,8.674563e-05,-0.099951
,,,8.675563e-05,-0.199902
,,,8.676563e-05,-0.899559
,,,8.677563e-05,0.299853
,,,8.678563e-05,-0.299853
,,,8.679563e-05,0.199902
,,,8.680563e-05,-0.499755
,,,8.681563e-05,0.099951
,,,8.682563e-05,-0.499755
,,,8.683563e-05,-0.099951
,,,8.684563e-05,-0.299853
,,,8.685563e-05,0.099951
,,,8.686563e-05,-0.199902
,,,8.687563e-05,0.199902
,,,8.688563e-05,-0.699657
,,,8.689563e-05,0.199902
,,,8.690563e-05,-0.499755
,,,8.691563e-05,-3.37508e-14
,,,8.692563e-05,-0.799608
,,,8.693563e-05,0.599706
,,,8.694563e-05,-0.499755
,,,8.695563e-05,-0.199902
,,,8.696563e-05,-0.599706
,,,8.697563e-05,-0.199902
,,,8.698563e-05,-0.299853
,,,8.699563e-05,0.199902
,,,8.700563e-05,-0.499755
,,,8.701563e-05,-0.199902
,,,8.702563e-05,-0.499755
,,,8.703563e-05,-0.299853
,,,8.704563e-05,-0.499755
,,,8.705563e-05,-0.099951
,,,8.706563e-05,-0.799608
,,,8.707563e-05,0.099951
,,,8.708563e-05,-0.899559
,,,8.709563e-05,0.399804
,,,8.710563e-05,-0.299853
,,,8.711563e-05,-0.399804
,,,8.712563e-05,-0.699657
,,,8.713563e-05,-0.099951
,,,8.714563e-05,-0.299853
,,,8.715563e-05,-3.37508e-14
,,,8.716563e-05,-0.399804
,,,8.717563e-05,0.299853
,,,8.718563e-05,-0.599706
,,,8.719563e-05,0.199902
,,,8.720563e-05,-0.299853
,,,8.721563e-05,0.399804
,,,8.722563e-05,-0.199902
,,,8.723563e-05,-0.099951
,,,8.724563e-05,-0.599706
,,,8.725563e-05,-0.299853
,,,8.726563e-05,-0.299853
,,,8.727563e-05,-0.199902
,,,8.728563e-05,-0.199902
,,,8.729563e-05,0.099951
,,,8.730563e-05,-0.399804
,,,8.731563e-05,-0.099951
,,,8.732563e-05,-0.799608
,,,8.733563e-05,0.199902
,,,8.734563e-05,-0.299853
,,,8.735563e-05,-0.399804
,,,8.736563e-05,-0.199902
,,,8.737563e-05,0.399804
,,,8.738563e-05,-0.499755
,,,8.739563e-05,-0.199902
,,,8.740563e-05,-0.699657
,,,8.741563e-05,-0.099951
,,,8.742563e-05,-0.399804
,,,8.743563e-05,-0.099951
,,,8.744563e-05,-0.599706
,,,8.745563e-05,0.199902
,,,8.746563e-05,-0.599706
,,,8.747563e-05,-0.299853
,,,8.748563e-05,-0.399804
,,,8.749563e-05,0.499755
,,,8.750563e-05,-0.499755
,,,8.751563e-05,0.099951
,,,8.752563e-05,-0.399804
,,,8.753563e-05,0.199902
,,,8.754563e-05,-0.599706
,,,8.755563e-05,-0.399804
,,,8.756563e-05,-0.299853
,,,8.757563e-05,0.399804
,,,8.758563e-05,-0.099951
,,,8.759563e-05,0.099951
,,,8.760563e-05,-0.599706
,,,8.761563e-05,-0.199902
,,,8.762563e-05,-0.399804
,,,8.763563e-05,-0.099951
,,,8.764563e-05,-0.399804
,,,8.765563e-05,0.099951
,,,8.766563e-05,-0.099951
,,,8.767563e-05,-0.099951
,,,8.768563e-05,-0.699657
,,,8.769563e-05,-3.37508e-14
,,,8.770563e-05,-0.299853
,,,8.771563e-05,-0.299853
,,,8.772563e-05,-0.199902
,,,8.773563e-05,0.199902
,,,8.774563e-05,0.199902
,,,8.775563e-05,-3.37508e-14
,,,8.776563e-05,-0.499755
,,,8.777563e-05,0.299853
,,,8.778563e-05,-0.199902
,,,8.779563e-05,-3.37508e-14
,,,8.780563e-05,-0.399804
,,,8.781563e-05,0.099951
,,,8.782563e-05,-0.499755
,,,8.783563e-05,-0.299853
,,,8.784563e-05,-0.499755
,,,8.785563e-05,-0.199902
,,,8.786563e-05,-0.399804
,,,8.787563e-05,0.099951
,,,8.788563e-05,-0.499755
,,,8.789563e-05,-3.37508e-14
,,,8.790563e-05,-0.199902
,,,8.791563e-05,0.199902
,,,8.792563e-05,-0.599706
,,,8.793563e-05,-0.099951
,,,8.794563e-05,-0.699657
,,,8.795563e-05,-0.099951
,,,8.796563e-05,-0.199902
,,,8.797563e-05,-3.37508e-14
,,,8.798563e-05,-3.37508e-14
,,,8.799563e-05,-0.299853
,,,8.800563e-05,-0.299853
,,,8.801563e-05,0.199902
,,,8.802563e-05,-3.37508e-14
,,,8.803563e-05,-0.399804
,,,8.804563e-05,-0.399804
,,,8.805563e-05,-0.099951
,,,8.806563e-05,-0.199902
,,,8.807563e-05,-0.599706
,,,8.808563e-05,-0.599706
,,,8.809563e-05,-0.199902
,,,8.810563e-05,-0.299853
,,,8.811563e-05,-0.299853
,,,8.812563e-05,-0.899559
,,,8.813563e-05,0.099951
,,,8.814563e-05,-0.099951
,,,8.815563e-05,-0.199902
,,,8.816563e-05,-0.499755
,,,8.817563e-05,0.299853
,,,8.818563e-05,-0.299853
,,,8.819563e-05,-0.199902
,,,8.820563e-05,-0.799608
,,,8.821563e-05,-0.299853
,,,8.822563e-05,-0.699657
,,,8.823563e-05,-0.299853
,,,8.824563e-05,-0.299853
,,,8.825563e-05,-0.199902
,,,8.826563e-05,-0.099951
,,,8.827563e-05,-0.399804
,,,8.828563e-05,-0.699657
,,,8.829563e-05,0.199902
,,,8.830563e-05,-0.499755
,,,8.831563e-05,-0.299853
,,,8.832563e-05,0.099951
,,,8.833563e-05,0.499755
,,,8.834563e-05,-0.799608
,,,8.835563e-05,-0.599706
,,,8.836563e-05,-0.399804
,,,8.837563e-05,-3.37508e-14
,,,8.838563e-05,0.199902
,,,8.839563e-05,0.099951
,,,8.840563e-05,-0.599706
,,,8.841563e-05,0.099951
,,,8.842563e-05,-0.399804
,,,8.843563e-05,-0.299853
,,,8.844563e-05,-0.599706
,,,8.845563e-05,0.299853
,,,8.846563e-05,-0.299853
,,,8.847563e-05,-0.199902
,,,8.848563e-05,-0.399804
,,,8.849563e-05,-0.099951
,,,8.850563e-05,-0.199902
,,,8.851563e-05,-0.199902
,,,8.852563e-05,-0.599706
,,,8.853563e-05,-3.37508e-14
,,,8.854563e-05,-0.599706
,,,8.855563e-05,-0.099951
,,,8.856563e-05,-0.499755
,,,8.857563e-05,0.199902
,,,8.858563e-05,-0.199902
,,,8.859563e-05,-0.099951
,,,8.860563e-05,-0.599706
,,,8.861563e-05,0.299853
,,,8.862563e-05,-0.099951
,,,8.863563e-05,0.199902
,,,8.864563e-05,-0.099951
,,,8.865563e-05,0.099951
,,,8.866563e-05,-0.199902
,,,8.867563e-05,-0.399804
,,,8.868563e-05,-0.799608
,,,8.869563e-05,-0.399804
,,,8.870563e-05,-0.099951
,,,8.871563e-05,-3.37508e-14
,,,8.872563e-05,-0.399804
,,,8.873563e-05,0.499755
,,,8.874563e-05,-0.299853
,,,8.875563e-05,-0.199902
,,,8.876563e-05,-0.699657
,,,8.877563e-05,0.499755
,,,8.878563e-05,-0.199902
,,,8.879563e-05,-0.599706
,,,8.880563e-05,-0.199902
,,,8.881563e-05,0.199902
,,,8.882563e-05,-0.099951
,,,8.883563e-05,-3.37508e-14
,,,8.884563e-05,-0.299853
,,,8.885563e-05,0.299853
,,,8.886563e-05,-0.099951
,,,8.887563e-05,-0.099951
,,,8.888563e-05,-0.199902
,,,8.889563e-05,0.199902
,,,8.890563e-05,-0.199902
,,,8.891563e-05,0.399804
,,,8.892563e-05,-0.199902
,,,8.893563e-05,-0.199902
,,,8.894563e-05,-0.299853
,,,8.895563e-05,-0.399804
,,,8.896563e-05,-0.599706
,,,8.897563e-05,0.199902
,,,8.898563e-05,-0.299853
,,,8.899563e-05,-0.199902
,,,8.900563e-05,-0.599706
,,,8.901563e-05,0.499755
,,,8.902563e-05,-0.199902
,,,8.903563e-05,-0.199902
,,,8.904563e-05,-0.099951
,,,8.905563e-05,-0.099951
,,,8.906563e-05,-0.199902
,,,8.907563e-05,0.099951
,,,8.908563e-05,-0.399804
,,,8.909563e-05,0.799608
,,,8.910563e-05,-0.199902
,,,8.911563e-05,-3.37508e-14
,,,8.912563e-05,-0.299853
,,,8.913563e-05,0.399804
,,,8.914563e-05,-0.099951
,,,8.915563e-05,-3.37508e-14
,,,8.916563e-05,-0.099951
,,,8.917563e-05,0.299853
,,,8.918563e-05,-0.199902
,,,8.919563e-05,0.099951
,,,8.920563e-05,-0.399804
,,,8.921563e-05,0.599706
,,,8.922563e-05,0.099951
,,,8.923563e-05,-3.37508e-14
,,,8.924563e-05,-0.599706
,,,8.925563e-05,0.399804
,,,8.926563e-05,-0.099951
,,,8.927563e-05,0.099951
,,,8.928563e-05,-0.599706
,,,8.929563e-05,0.199902
,,,8.930563e-05,-0.099951
,,,8.931563e-05,0.299853
,,,8.932563e-05,-0.899559
,,,8.933563e-05,0.599706
,,,8.934563e-05,-0.299853
,,,8.935563e-05,-3.37508e-14
,,,8.936563e-05,-0.399804
,,,8.937563e-05,0.499755
,,,8.938563e-05,-0.099951
,,,8.939563e-05,0.299853
,,,8.940563e-05,-0.199902
,,,8.941563e-05,0.599706
,,,8.942563e-05,0.099951
,,,8.943563e-05,-3.37508e-14
,,,8.944563e-05,-0.399804
,,,8.945563e-05,0.399804
,,,8.946563e-05,-0.399804
,,,8.947563e-05,-3.37508e-14
,,,8.948563e-05,-0.299853
,,,8.949563e-05,0.499755
,,,8.950563e-05,-0.299853
,,,8.951563e-05,0.199902
,,,8.952563e-05,-0.699657
,,,8.953563e-05,0.099951
,,,8.954563e-05,-0.499755
,,,8.955563e-05,-0.299853
,,,8.956563e-05,-3.37508e-14
,,,8.957563e-05,0.399804
,,,8.958563e-05,-0.199902
,,,8.959563e-05,-0.199902
,,,8.960563e-05,0.099951
,,,8.961563e-05,0.399804
,,,8.962563e-05,-0.099951
,,,8.963563e-05,-3.37508e-14
,,,8.964563e-05,-0.399804
,,,8.965563e-05,0.299853
,,,8.966563e-05,-0.099951
,,,8.967563e-05,-3.37508e-14
,,,8.968563e-05,-0.599706
,,,8.969563e-05,0.199902
,,,8.970563e-05,-0.699657
,,,8.971563e-05,-0.399804
,,,8.972563e-05,-0.499755
,,,8.973563e-05,-0.299853
,,,8.974563e-05,-0.499755
,,,8.975563e-05,0.099951
,,,8.976563e-05,-0.099951
,,,8.977563e-05,0.199902
,,,8.978563e-05,-0.499755
,,,8.979563e-05,0.099951
,,,8.980563e-05,-0.299853
,,,8.981563e-05,0.399804
,,,8.982563e-05,-0.199902
,,,8.983563e-05,-0.099951
,,,8.984563e-05,-0.699657
,,,8.985563e-05,-3.37508e-14
,,,8.986563e-05,-0.199902
,,,8.987563e-05,0.399804
,,,8.988563e-05,-0.499755
,,,8.989563e-05,0.299853
,,,8.990563e-05,-0.099951
,,,8.991563e-05,0.099951
,,,8.992563e-05,-0.599706
,,,8.993563e-05,0.199902
,,,8.994563e-05,-0.299853
,,,8.995563e-05,0.099951
,,,8.996563e-05,-0.199902
,,,8.997563e-05,0.099951
,,,8.998563e-05,-0.499755
,,,8.999563e-05,0.199902
,,,9.000563e-05,-0.499755
